# E (eV) pdos(E) 
-31.382  0.000E+00
-31.372  0.107E-02
-31.362  0.250E-02
-31.352  0.342E-02
-31.342  0.468E-02
-31.332  0.672E-02
-31.322  0.810E-02
-31.312  0.658E-02
-31.302  0.618E-02
-31.292  0.410E-02
-31.282  0.226E-02
-31.272  0.304E-02
-31.262  0.000E+00
-31.252  0.596E-03
-31.242  0.390E-02
-31.232  0.124E-01
-31.222  0.370E-02
-31.212  0.572E-02
-31.202  0.765E-02
-31.192  0.344E-02
-31.182  0.286E-02
-31.172  0.188E-02
-31.162  0.854E-03
-31.152  0.306E-05
-31.142  0.000E+00
-31.132  0.000E+00
-31.122  0.000E+00
-31.112  0.000E+00
-31.102  0.000E+00
-31.092  0.000E+00
-31.082  0.000E+00
-31.072  0.000E+00
-31.062  0.000E+00
-31.052  0.000E+00
-31.042  0.000E+00
-31.032  0.000E+00
-31.022  0.000E+00
-31.012  0.000E+00
-31.002  0.000E+00
-30.992  0.000E+00
-30.982  0.000E+00
-30.972  0.000E+00
-30.962  0.000E+00
-30.952  0.000E+00
-30.942  0.000E+00
-30.932  0.000E+00
-30.922  0.000E+00
-30.912  0.000E+00
-30.902  0.000E+00
-30.892  0.000E+00
-30.882  0.000E+00
-30.872  0.000E+00
-30.862  0.000E+00
-30.852  0.000E+00
-30.842  0.000E+00
-30.832  0.000E+00
-30.822  0.000E+00
-30.812  0.000E+00
-30.802  0.000E+00
-30.792  0.000E+00
-30.782  0.000E+00
-30.772  0.000E+00
-30.762  0.000E+00
-30.752  0.000E+00
-30.742  0.000E+00
-30.732  0.000E+00
-30.722  0.000E+00
-30.712  0.000E+00
-30.702  0.000E+00
-30.692  0.000E+00
-30.682  0.000E+00
-30.672  0.000E+00
-30.662  0.000E+00
-30.652  0.000E+00
-30.642  0.000E+00
-30.632  0.000E+00
-30.622  0.000E+00
-30.612  0.000E+00
-30.602  0.000E+00
-30.592  0.000E+00
-30.582  0.000E+00
-30.572  0.000E+00
-30.562  0.000E+00
-30.552  0.000E+00
-30.542  0.000E+00
-30.532  0.000E+00
-30.522  0.000E+00
-30.512  0.000E+00
-30.502  0.000E+00
-30.492  0.000E+00
-30.482  0.000E+00
-30.472  0.000E+00
-30.462  0.000E+00
-30.452  0.000E+00
-30.442  0.000E+00
-30.432  0.000E+00
-30.422  0.000E+00
-30.412  0.000E+00
-30.402  0.000E+00
-30.392  0.000E+00
-30.382  0.000E+00
-30.372  0.000E+00
-30.362  0.000E+00
-30.352  0.000E+00
-30.342  0.000E+00
-30.332  0.000E+00
-30.322  0.000E+00
-30.312  0.000E+00
-30.302  0.000E+00
-30.292  0.000E+00
-30.282  0.000E+00
-30.272  0.000E+00
-30.262  0.000E+00
-30.252  0.000E+00
-30.242  0.000E+00
-30.232  0.000E+00
-30.222  0.000E+00
-30.212  0.000E+00
-30.202  0.000E+00
-30.192  0.000E+00
-30.182  0.000E+00
-30.172  0.000E+00
-30.162  0.000E+00
-30.152  0.000E+00
-30.142  0.000E+00
-30.132  0.000E+00
-30.122  0.000E+00
-30.112  0.000E+00
-30.102  0.000E+00
-30.092  0.000E+00
-30.082  0.000E+00
-30.072  0.000E+00
-30.062  0.000E+00
-30.052  0.000E+00
-30.042  0.000E+00
-30.032  0.000E+00
-30.022  0.000E+00
-30.012  0.000E+00
-30.002  0.000E+00
-29.992  0.000E+00
-29.982  0.000E+00
-29.972  0.000E+00
-29.962  0.000E+00
-29.952  0.000E+00
-29.942  0.000E+00
-29.932  0.000E+00
-29.922  0.000E+00
-29.912  0.000E+00
-29.902  0.000E+00
-29.892  0.000E+00
-29.882  0.000E+00
-29.872  0.000E+00
-29.862  0.000E+00
-29.852  0.000E+00
-29.842  0.000E+00
-29.832  0.000E+00
-29.822  0.000E+00
-29.812  0.000E+00
-29.802  0.000E+00
-29.792  0.000E+00
-29.782  0.000E+00
-29.772  0.000E+00
-29.762  0.000E+00
-29.752  0.000E+00
-29.742  0.000E+00
-29.732  0.000E+00
-29.722  0.000E+00
-29.712  0.000E+00
-29.702  0.000E+00
-29.692  0.000E+00
-29.682  0.000E+00
-29.672  0.000E+00
-29.662  0.000E+00
-29.652  0.000E+00
-29.642  0.000E+00
-29.632  0.000E+00
-29.622  0.000E+00
-29.612  0.000E+00
-29.602  0.000E+00
-29.592  0.000E+00
-29.582  0.000E+00
-29.572  0.000E+00
-29.562  0.000E+00
-29.552  0.000E+00
-29.542  0.000E+00
-29.532  0.000E+00
-29.522  0.000E+00
-29.512  0.000E+00
-29.502  0.000E+00
-29.492  0.000E+00
-29.482  0.000E+00
-29.472  0.000E+00
-29.462  0.000E+00
-29.452  0.000E+00
-29.442  0.000E+00
-29.432  0.000E+00
-29.422  0.000E+00
-29.412  0.000E+00
-29.402  0.000E+00
-29.392  0.000E+00
-29.382  0.000E+00
-29.372  0.000E+00
-29.362  0.000E+00
-29.352  0.000E+00
-29.342  0.000E+00
-29.332  0.000E+00
-29.322  0.000E+00
-29.312  0.000E+00
-29.302  0.000E+00
-29.292  0.000E+00
-29.282  0.000E+00
-29.272  0.000E+00
-29.262  0.000E+00
-29.252  0.000E+00
-29.242  0.000E+00
-29.232  0.000E+00
-29.222  0.000E+00
-29.212  0.000E+00
-29.202  0.000E+00
-29.192  0.000E+00
-29.182  0.000E+00
-29.172  0.000E+00
-29.162  0.000E+00
-29.152  0.000E+00
-29.142  0.000E+00
-29.132  0.000E+00
-29.122  0.000E+00
-29.112  0.000E+00
-29.102  0.000E+00
-29.092  0.000E+00
-29.082  0.000E+00
-29.072  0.000E+00
-29.062  0.000E+00
-29.052  0.000E+00
-29.042  0.000E+00
-29.032  0.000E+00
-29.022  0.000E+00
-29.012  0.000E+00
-29.002  0.000E+00
-28.992  0.000E+00
-28.982  0.000E+00
-28.972  0.000E+00
-28.962  0.000E+00
-28.952  0.000E+00
-28.942  0.000E+00
-28.932  0.000E+00
-28.922  0.000E+00
-28.912  0.000E+00
-28.902  0.000E+00
-28.892  0.000E+00
-28.882  0.000E+00
-28.872  0.000E+00
-28.862  0.000E+00
-28.852  0.000E+00
-28.842  0.000E+00
-28.832  0.000E+00
-28.822  0.000E+00
-28.812  0.000E+00
-28.802  0.000E+00
-28.792  0.000E+00
-28.782  0.000E+00
-28.772  0.000E+00
-28.762  0.000E+00
-28.752  0.000E+00
-28.742  0.000E+00
-28.732  0.000E+00
-28.722  0.000E+00
-28.712  0.000E+00
-28.702  0.000E+00
-28.692  0.000E+00
-28.682  0.000E+00
-28.672  0.000E+00
-28.662  0.000E+00
-28.652  0.000E+00
-28.642  0.000E+00
-28.632  0.000E+00
-28.622  0.000E+00
-28.612  0.000E+00
-28.602  0.000E+00
-28.592  0.000E+00
-28.582  0.000E+00
-28.572  0.000E+00
-28.562  0.000E+00
-28.552  0.000E+00
-28.542  0.000E+00
-28.532  0.000E+00
-28.522  0.000E+00
-28.512  0.000E+00
-28.502  0.000E+00
-28.492  0.000E+00
-28.482  0.000E+00
-28.472  0.000E+00
-28.462  0.000E+00
-28.452  0.000E+00
-28.442  0.000E+00
-28.432  0.000E+00
-28.422  0.000E+00
-28.412  0.000E+00
-28.402  0.000E+00
-28.392  0.000E+00
-28.382  0.000E+00
-28.372  0.000E+00
-28.362  0.000E+00
-28.352  0.000E+00
-28.342  0.000E+00
-28.332  0.000E+00
-28.322  0.000E+00
-28.312  0.000E+00
-28.302  0.000E+00
-28.292  0.000E+00
-28.282  0.000E+00
-28.272  0.000E+00
-28.262  0.000E+00
-28.252  0.000E+00
-28.242  0.000E+00
-28.232  0.000E+00
-28.222  0.000E+00
-28.212  0.000E+00
-28.202  0.000E+00
-28.192  0.000E+00
-28.182  0.000E+00
-28.172  0.000E+00
-28.162  0.000E+00
-28.152  0.000E+00
-28.142  0.000E+00
-28.132  0.000E+00
-28.122  0.000E+00
-28.112  0.000E+00
-28.102  0.000E+00
-28.092  0.000E+00
-28.082  0.000E+00
-28.072  0.000E+00
-28.062  0.000E+00
-28.052  0.000E+00
-28.042  0.000E+00
-28.032  0.000E+00
-28.022  0.000E+00
-28.012  0.000E+00
-28.002  0.000E+00
-27.992  0.000E+00
-27.982  0.000E+00
-27.972  0.000E+00
-27.962  0.000E+00
-27.952  0.000E+00
-27.942  0.000E+00
-27.932  0.000E+00
-27.922  0.000E+00
-27.912  0.000E+00
-27.902  0.000E+00
-27.892  0.000E+00
-27.882  0.000E+00
-27.872  0.000E+00
-27.862  0.000E+00
-27.852  0.000E+00
-27.842  0.000E+00
-27.832  0.000E+00
-27.822  0.000E+00
-27.812  0.000E+00
-27.802  0.000E+00
-27.792  0.000E+00
-27.782  0.000E+00
-27.772  0.000E+00
-27.762  0.000E+00
-27.752  0.000E+00
-27.742  0.000E+00
-27.732  0.000E+00
-27.722  0.000E+00
-27.712  0.000E+00
-27.702  0.000E+00
-27.692  0.000E+00
-27.682  0.000E+00
-27.672  0.000E+00
-27.662  0.000E+00
-27.652  0.000E+00
-27.642  0.000E+00
-27.632  0.000E+00
-27.622  0.000E+00
-27.612  0.000E+00
-27.602  0.000E+00
-27.592  0.000E+00
-27.582  0.000E+00
-27.572  0.000E+00
-27.562  0.000E+00
-27.552  0.000E+00
-27.542  0.000E+00
-27.532  0.000E+00
-27.522  0.000E+00
-27.512  0.000E+00
-27.502  0.000E+00
-27.492  0.000E+00
-27.482  0.000E+00
-27.472  0.000E+00
-27.462  0.000E+00
-27.452  0.000E+00
-27.442  0.000E+00
-27.432  0.000E+00
-27.422  0.000E+00
-27.412  0.000E+00
-27.402  0.000E+00
-27.392  0.000E+00
-27.382  0.000E+00
-27.372  0.000E+00
-27.362  0.000E+00
-27.352  0.000E+00
-27.342  0.000E+00
-27.332  0.000E+00
-27.322  0.000E+00
-27.312  0.000E+00
-27.302  0.000E+00
-27.292  0.000E+00
-27.282  0.000E+00
-27.272  0.000E+00
-27.262  0.000E+00
-27.252  0.000E+00
-27.242  0.000E+00
-27.232  0.000E+00
-27.222  0.000E+00
-27.212  0.000E+00
-27.202  0.000E+00
-27.192  0.000E+00
-27.182  0.000E+00
-27.172  0.000E+00
-27.162  0.000E+00
-27.152  0.000E+00
-27.142  0.000E+00
-27.132  0.000E+00
-27.122  0.000E+00
-27.112  0.000E+00
-27.102  0.000E+00
-27.092  0.000E+00
-27.082  0.000E+00
-27.072  0.000E+00
-27.062  0.000E+00
-27.052  0.000E+00
-27.042  0.000E+00
-27.032  0.000E+00
-27.022  0.000E+00
-27.012  0.000E+00
-27.002  0.000E+00
-26.992  0.000E+00
-26.982  0.000E+00
-26.972  0.000E+00
-26.962  0.000E+00
-26.952  0.000E+00
-26.942  0.000E+00
-26.932  0.000E+00
-26.922  0.000E+00
-26.912  0.000E+00
-26.902  0.000E+00
-26.892  0.000E+00
-26.882  0.000E+00
-26.872  0.000E+00
-26.862  0.000E+00
-26.852  0.000E+00
-26.842  0.000E+00
-26.832  0.000E+00
-26.822  0.000E+00
-26.812  0.000E+00
-26.802  0.000E+00
-26.792  0.000E+00
-26.782  0.000E+00
-26.772  0.000E+00
-26.762  0.000E+00
-26.752  0.000E+00
-26.742  0.000E+00
-26.732  0.000E+00
-26.722  0.000E+00
-26.712  0.000E+00
-26.702  0.000E+00
-26.692  0.000E+00
-26.682  0.000E+00
-26.672  0.000E+00
-26.662  0.000E+00
-26.652  0.000E+00
-26.642  0.000E+00
-26.632  0.000E+00
-26.622  0.000E+00
-26.612  0.000E+00
-26.602  0.000E+00
-26.592  0.000E+00
-26.582  0.000E+00
-26.572  0.000E+00
-26.562  0.000E+00
-26.552  0.000E+00
-26.542  0.000E+00
-26.532  0.000E+00
-26.522  0.000E+00
-26.512  0.000E+00
-26.502  0.000E+00
-26.492  0.000E+00
-26.482  0.000E+00
-26.472  0.000E+00
-26.462  0.000E+00
-26.452  0.000E+00
-26.442  0.000E+00
-26.432  0.000E+00
-26.422  0.000E+00
-26.412  0.000E+00
-26.402  0.000E+00
-26.392  0.000E+00
-26.382  0.000E+00
-26.372  0.000E+00
-26.362  0.000E+00
-26.352  0.000E+00
-26.342  0.000E+00
-26.332  0.000E+00
-26.322  0.000E+00
-26.312  0.000E+00
-26.302  0.000E+00
-26.292  0.000E+00
-26.282  0.000E+00
-26.272  0.000E+00
-26.262  0.000E+00
-26.252  0.000E+00
-26.242  0.000E+00
-26.232  0.000E+00
-26.222  0.000E+00
-26.212  0.000E+00
-26.202  0.000E+00
-26.192  0.000E+00
-26.182  0.000E+00
-26.172  0.000E+00
-26.162  0.000E+00
-26.152  0.000E+00
-26.142  0.000E+00
-26.132  0.000E+00
-26.122  0.000E+00
-26.112  0.000E+00
-26.102  0.000E+00
-26.092  0.000E+00
-26.082  0.000E+00
-26.072  0.000E+00
-26.062  0.000E+00
-26.052  0.000E+00
-26.042  0.000E+00
-26.032  0.000E+00
-26.022  0.000E+00
-26.012  0.000E+00
-26.002  0.000E+00
-25.992  0.000E+00
-25.982  0.000E+00
-25.972  0.000E+00
-25.962  0.000E+00
-25.952  0.000E+00
-25.942  0.000E+00
-25.932  0.000E+00
-25.922  0.000E+00
-25.912  0.000E+00
-25.902  0.000E+00
-25.892  0.000E+00
-25.882  0.000E+00
-25.872  0.000E+00
-25.862  0.000E+00
-25.852  0.000E+00
-25.842  0.000E+00
-25.832  0.000E+00
-25.822  0.000E+00
-25.812  0.000E+00
-25.802  0.000E+00
-25.792  0.000E+00
-25.782  0.000E+00
-25.772  0.000E+00
-25.762  0.000E+00
-25.752  0.000E+00
-25.742  0.000E+00
-25.732  0.000E+00
-25.722  0.000E+00
-25.712  0.000E+00
-25.702  0.000E+00
-25.692  0.000E+00
-25.682  0.000E+00
-25.672  0.000E+00
-25.662  0.000E+00
-25.652  0.000E+00
-25.642  0.000E+00
-25.632  0.000E+00
-25.622  0.000E+00
-25.612  0.000E+00
-25.602  0.000E+00
-25.592  0.000E+00
-25.582  0.000E+00
-25.572  0.000E+00
-25.562  0.000E+00
-25.552  0.000E+00
-25.542  0.000E+00
-25.532  0.000E+00
-25.522  0.000E+00
-25.512  0.000E+00
-25.502  0.000E+00
-25.492  0.000E+00
-25.482  0.000E+00
-25.472  0.000E+00
-25.462  0.000E+00
-25.452  0.000E+00
-25.442  0.000E+00
-25.432  0.000E+00
-25.422  0.000E+00
-25.412  0.000E+00
-25.402  0.000E+00
-25.392  0.000E+00
-25.382  0.000E+00
-25.372  0.000E+00
-25.362  0.000E+00
-25.352  0.000E+00
-25.342  0.000E+00
-25.332  0.000E+00
-25.322  0.000E+00
-25.312  0.000E+00
-25.302  0.000E+00
-25.292  0.000E+00
-25.282  0.000E+00
-25.272  0.000E+00
-25.262  0.000E+00
-25.252  0.000E+00
-25.242  0.000E+00
-25.232  0.000E+00
-25.222  0.000E+00
-25.212  0.000E+00
-25.202  0.000E+00
-25.192  0.000E+00
-25.182  0.000E+00
-25.172  0.000E+00
-25.162  0.000E+00
-25.152  0.000E+00
-25.142  0.000E+00
-25.132  0.000E+00
-25.122  0.000E+00
-25.112  0.000E+00
-25.102  0.000E+00
-25.092  0.000E+00
-25.082  0.000E+00
-25.072  0.000E+00
-25.062  0.000E+00
-25.052  0.000E+00
-25.042  0.000E+00
-25.032  0.000E+00
-25.022  0.000E+00
-25.012  0.000E+00
-25.002  0.000E+00
-24.992  0.000E+00
-24.982  0.000E+00
-24.972  0.000E+00
-24.962  0.000E+00
-24.952  0.000E+00
-24.942  0.000E+00
-24.932  0.000E+00
-24.922  0.000E+00
-24.912  0.000E+00
-24.902  0.000E+00
-24.892  0.000E+00
-24.882  0.000E+00
-24.872  0.000E+00
-24.862  0.000E+00
-24.852  0.000E+00
-24.842  0.000E+00
-24.832  0.000E+00
-24.822  0.000E+00
-24.812  0.000E+00
-24.802  0.000E+00
-24.792  0.000E+00
-24.782  0.000E+00
-24.772  0.000E+00
-24.762  0.000E+00
-24.752  0.000E+00
-24.742  0.000E+00
-24.732  0.000E+00
-24.722  0.000E+00
-24.712  0.000E+00
-24.702  0.000E+00
-24.692  0.000E+00
-24.682  0.000E+00
-24.672  0.000E+00
-24.662  0.000E+00
-24.652  0.000E+00
-24.642  0.000E+00
-24.632  0.000E+00
-24.622  0.000E+00
-24.612  0.000E+00
-24.602  0.000E+00
-24.592  0.000E+00
-24.582  0.000E+00
-24.572  0.000E+00
-24.562  0.000E+00
-24.552  0.000E+00
-24.542  0.000E+00
-24.532  0.000E+00
-24.522  0.000E+00
-24.512  0.000E+00
-24.502  0.000E+00
-24.492  0.000E+00
-24.482  0.000E+00
-24.472  0.000E+00
-24.462  0.000E+00
-24.452  0.000E+00
-24.442  0.000E+00
-24.432  0.000E+00
-24.422  0.000E+00
-24.412  0.000E+00
-24.402  0.000E+00
-24.392  0.000E+00
-24.382  0.000E+00
-24.372  0.000E+00
-24.362  0.000E+00
-24.352  0.000E+00
-24.342  0.000E+00
-24.332  0.000E+00
-24.322  0.000E+00
-24.312  0.000E+00
-24.302  0.000E+00
-24.292  0.000E+00
-24.282  0.000E+00
-24.272  0.000E+00
-24.262  0.000E+00
-24.252  0.000E+00
-24.242  0.000E+00
-24.232  0.000E+00
-24.222  0.000E+00
-24.212  0.000E+00
-24.202  0.000E+00
-24.192  0.000E+00
-24.182  0.000E+00
-24.172  0.000E+00
-24.162  0.000E+00
-24.152  0.000E+00
-24.142  0.000E+00
-24.132  0.000E+00
-24.122  0.000E+00
-24.112  0.000E+00
-24.102  0.000E+00
-24.092  0.000E+00
-24.082  0.000E+00
-24.072  0.000E+00
-24.062  0.000E+00
-24.052  0.000E+00
-24.042  0.000E+00
-24.032  0.000E+00
-24.022  0.000E+00
-24.012  0.000E+00
-24.002  0.000E+00
-23.992  0.000E+00
-23.982  0.000E+00
-23.972  0.000E+00
-23.962  0.000E+00
-23.952  0.000E+00
-23.942  0.000E+00
-23.932  0.000E+00
-23.922  0.000E+00
-23.912  0.000E+00
-23.902  0.000E+00
-23.892  0.000E+00
-23.882  0.000E+00
-23.872  0.000E+00
-23.862  0.000E+00
-23.852  0.000E+00
-23.842  0.000E+00
-23.832  0.000E+00
-23.822  0.000E+00
-23.812  0.000E+00
-23.802  0.000E+00
-23.792  0.000E+00
-23.782  0.000E+00
-23.772  0.000E+00
-23.762  0.000E+00
-23.752  0.000E+00
-23.742  0.000E+00
-23.732  0.000E+00
-23.722  0.000E+00
-23.712  0.000E+00
-23.702  0.000E+00
-23.692  0.000E+00
-23.682  0.000E+00
-23.672  0.000E+00
-23.662  0.000E+00
-23.652  0.000E+00
-23.642  0.000E+00
-23.632  0.000E+00
-23.622  0.000E+00
-23.612  0.000E+00
-23.602  0.000E+00
-23.592  0.000E+00
-23.582  0.000E+00
-23.572  0.000E+00
-23.562  0.000E+00
-23.552  0.000E+00
-23.542  0.000E+00
-23.532  0.000E+00
-23.522  0.000E+00
-23.512  0.000E+00
-23.502  0.000E+00
-23.492  0.000E+00
-23.482  0.000E+00
-23.472  0.000E+00
-23.462  0.000E+00
-23.452  0.000E+00
-23.442  0.000E+00
-23.432  0.000E+00
-23.422  0.000E+00
-23.412  0.000E+00
-23.402  0.000E+00
-23.392  0.000E+00
-23.382  0.000E+00
-23.372  0.000E+00
-23.362  0.000E+00
-23.352  0.000E+00
-23.342  0.000E+00
-23.332  0.000E+00
-23.322  0.000E+00
-23.312  0.000E+00
-23.302  0.000E+00
-23.292  0.000E+00
-23.282  0.000E+00
-23.272  0.000E+00
-23.262  0.000E+00
-23.252  0.000E+00
-23.242  0.000E+00
-23.232  0.000E+00
-23.222  0.000E+00
-23.212  0.000E+00
-23.202  0.000E+00
-23.192  0.000E+00
-23.182  0.000E+00
-23.172  0.000E+00
-23.162  0.000E+00
-23.152  0.000E+00
-23.142  0.000E+00
-23.132  0.000E+00
-23.122  0.000E+00
-23.112  0.000E+00
-23.102  0.000E+00
-23.092  0.000E+00
-23.082  0.000E+00
-23.072  0.000E+00
-23.062  0.000E+00
-23.052  0.000E+00
-23.042  0.000E+00
-23.032  0.000E+00
-23.022  0.000E+00
-23.012  0.000E+00
-23.002  0.000E+00
-22.992  0.000E+00
-22.982  0.000E+00
-22.972  0.000E+00
-22.962  0.000E+00
-22.952  0.000E+00
-22.942  0.000E+00
-22.932  0.000E+00
-22.922  0.000E+00
-22.912  0.000E+00
-22.902  0.000E+00
-22.892  0.000E+00
-22.882  0.000E+00
-22.872  0.000E+00
-22.862  0.000E+00
-22.852  0.000E+00
-22.842  0.000E+00
-22.832  0.000E+00
-22.822  0.000E+00
-22.812  0.000E+00
-22.802  0.000E+00
-22.792  0.000E+00
-22.782  0.000E+00
-22.772  0.000E+00
-22.762  0.000E+00
-22.752  0.000E+00
-22.742  0.000E+00
-22.732  0.000E+00
-22.722  0.000E+00
-22.712  0.000E+00
-22.702  0.000E+00
-22.692  0.000E+00
-22.682  0.000E+00
-22.672  0.000E+00
-22.662  0.000E+00
-22.652  0.000E+00
-22.642  0.000E+00
-22.632  0.000E+00
-22.622  0.000E+00
-22.612  0.000E+00
-22.602  0.000E+00
-22.592  0.000E+00
-22.582  0.000E+00
-22.572  0.000E+00
-22.562  0.000E+00
-22.552  0.000E+00
-22.542  0.000E+00
-22.532  0.000E+00
-22.522  0.000E+00
-22.512  0.000E+00
-22.502  0.000E+00
-22.492  0.000E+00
-22.482  0.000E+00
-22.472  0.000E+00
-22.462  0.000E+00
-22.452  0.000E+00
-22.442  0.000E+00
-22.432  0.000E+00
-22.422  0.000E+00
-22.412  0.000E+00
-22.402  0.000E+00
-22.392  0.000E+00
-22.382  0.000E+00
-22.372  0.000E+00
-22.362  0.000E+00
-22.352  0.000E+00
-22.342  0.000E+00
-22.332  0.000E+00
-22.322  0.000E+00
-22.312  0.000E+00
-22.302  0.000E+00
-22.292  0.000E+00
-22.282  0.000E+00
-22.272  0.000E+00
-22.262  0.000E+00
-22.252  0.000E+00
-22.242  0.000E+00
-22.232  0.000E+00
-22.222  0.000E+00
-22.212  0.000E+00
-22.202  0.000E+00
-22.192  0.000E+00
-22.182  0.000E+00
-22.172  0.000E+00
-22.162  0.000E+00
-22.152  0.000E+00
-22.142  0.000E+00
-22.132  0.000E+00
-22.122  0.000E+00
-22.112  0.000E+00
-22.102  0.000E+00
-22.092  0.000E+00
-22.082  0.000E+00
-22.072  0.000E+00
-22.062  0.000E+00
-22.052  0.000E+00
-22.042  0.000E+00
-22.032  0.000E+00
-22.022  0.000E+00
-22.012  0.000E+00
-22.002  0.000E+00
-21.992  0.000E+00
-21.982  0.000E+00
-21.972  0.000E+00
-21.962  0.000E+00
-21.952  0.000E+00
-21.942  0.000E+00
-21.932  0.000E+00
-21.922  0.000E+00
-21.912  0.000E+00
-21.902  0.000E+00
-21.892  0.000E+00
-21.882  0.000E+00
-21.872  0.000E+00
-21.862  0.000E+00
-21.852  0.000E+00
-21.842  0.000E+00
-21.832  0.000E+00
-21.822  0.000E+00
-21.812  0.000E+00
-21.802  0.000E+00
-21.792  0.000E+00
-21.782  0.000E+00
-21.772  0.000E+00
-21.762  0.000E+00
-21.752  0.000E+00
-21.742  0.000E+00
-21.732  0.000E+00
-21.722  0.000E+00
-21.712  0.000E+00
-21.702  0.000E+00
-21.692  0.000E+00
-21.682  0.000E+00
-21.672  0.000E+00
-21.662  0.000E+00
-21.652  0.000E+00
-21.642  0.000E+00
-21.632  0.000E+00
-21.622  0.000E+00
-21.612  0.000E+00
-21.602  0.000E+00
-21.592  0.000E+00
-21.582  0.000E+00
-21.572  0.000E+00
-21.562  0.000E+00
-21.552  0.000E+00
-21.542  0.000E+00
-21.532  0.000E+00
-21.522  0.000E+00
-21.512  0.000E+00
-21.502  0.000E+00
-21.492  0.000E+00
-21.482  0.000E+00
-21.472  0.000E+00
-21.462  0.000E+00
-21.452  0.000E+00
-21.442  0.000E+00
-21.432  0.000E+00
-21.422  0.000E+00
-21.412  0.000E+00
-21.402  0.000E+00
-21.392  0.000E+00
-21.382  0.000E+00
-21.372  0.000E+00
-21.362  0.000E+00
-21.352  0.000E+00
-21.342  0.000E+00
-21.332  0.000E+00
-21.322  0.000E+00
-21.312  0.000E+00
-21.302  0.000E+00
-21.292  0.000E+00
-21.282  0.000E+00
-21.272  0.000E+00
-21.262  0.000E+00
-21.252  0.000E+00
-21.242  0.000E+00
-21.232  0.000E+00
-21.222  0.000E+00
-21.212  0.000E+00
-21.202  0.000E+00
-21.192  0.000E+00
-21.182  0.000E+00
-21.172  0.000E+00
-21.162  0.000E+00
-21.152  0.000E+00
-21.142  0.000E+00
-21.132  0.000E+00
-21.122  0.000E+00
-21.112  0.000E+00
-21.102  0.000E+00
-21.092  0.000E+00
-21.082  0.000E+00
-21.072  0.000E+00
-21.062  0.000E+00
-21.052  0.000E+00
-21.042  0.000E+00
-21.032  0.000E+00
-21.022  0.000E+00
-21.012  0.000E+00
-21.002  0.000E+00
-20.992  0.000E+00
-20.982  0.000E+00
-20.972  0.000E+00
-20.962  0.000E+00
-20.952  0.000E+00
-20.942  0.000E+00
-20.932  0.000E+00
-20.922  0.000E+00
-20.912  0.000E+00
-20.902  0.000E+00
-20.892  0.000E+00
-20.882  0.000E+00
-20.872  0.000E+00
-20.862  0.000E+00
-20.852  0.000E+00
-20.842  0.000E+00
-20.832  0.000E+00
-20.822  0.000E+00
-20.812  0.000E+00
-20.802  0.000E+00
-20.792  0.000E+00
-20.782  0.000E+00
-20.772  0.000E+00
-20.762  0.000E+00
-20.752  0.000E+00
-20.742  0.000E+00
-20.732  0.000E+00
-20.722  0.000E+00
-20.712  0.000E+00
-20.702  0.000E+00
-20.692  0.000E+00
-20.682  0.000E+00
-20.672  0.000E+00
-20.662  0.000E+00
-20.652  0.000E+00
-20.642  0.000E+00
-20.632  0.000E+00
-20.622  0.000E+00
-20.612  0.000E+00
-20.602  0.000E+00
-20.592  0.000E+00
-20.582  0.000E+00
-20.572  0.000E+00
-20.562  0.000E+00
-20.552  0.000E+00
-20.542  0.000E+00
-20.532  0.000E+00
-20.522  0.000E+00
-20.512  0.000E+00
-20.502  0.000E+00
-20.492  0.000E+00
-20.482  0.000E+00
-20.472  0.000E+00
-20.462  0.000E+00
-20.452  0.000E+00
-20.442  0.000E+00
-20.432  0.000E+00
-20.422  0.000E+00
-20.412  0.000E+00
-20.402  0.000E+00
-20.392  0.000E+00
-20.382  0.000E+00
-20.372  0.000E+00
-20.362  0.000E+00
-20.352  0.000E+00
-20.342  0.000E+00
-20.332  0.000E+00
-20.322  0.000E+00
-20.312  0.000E+00
-20.302  0.000E+00
-20.292  0.000E+00
-20.282  0.000E+00
-20.272  0.000E+00
-20.262  0.000E+00
-20.252  0.000E+00
-20.242  0.000E+00
-20.232  0.000E+00
-20.222  0.000E+00
-20.212  0.000E+00
-20.202  0.000E+00
-20.192  0.000E+00
-20.182  0.000E+00
-20.172  0.000E+00
-20.162  0.000E+00
-20.152  0.000E+00
-20.142  0.000E+00
-20.132  0.000E+00
-20.122  0.000E+00
-20.112  0.000E+00
-20.102  0.000E+00
-20.092  0.000E+00
-20.082  0.000E+00
-20.072  0.000E+00
-20.062  0.000E+00
-20.052  0.000E+00
-20.042  0.000E+00
-20.032  0.000E+00
-20.022  0.000E+00
-20.012  0.000E+00
-20.002  0.000E+00
-19.992  0.000E+00
-19.982  0.000E+00
-19.972  0.000E+00
-19.962  0.000E+00
-19.952  0.000E+00
-19.942  0.000E+00
-19.932  0.000E+00
-19.922  0.000E+00
-19.912  0.000E+00
-19.902  0.000E+00
-19.892  0.000E+00
-19.882  0.000E+00
-19.872  0.000E+00
-19.862  0.000E+00
-19.852  0.000E+00
-19.842  0.000E+00
-19.832  0.000E+00
-19.822  0.000E+00
-19.812  0.000E+00
-19.802  0.000E+00
-19.792  0.000E+00
-19.782  0.000E+00
-19.772  0.000E+00
-19.762  0.000E+00
-19.752  0.000E+00
-19.742  0.000E+00
-19.732  0.000E+00
-19.722  0.000E+00
-19.712  0.000E+00
-19.702  0.000E+00
-19.692  0.000E+00
-19.682  0.000E+00
-19.672  0.000E+00
-19.662  0.000E+00
-19.652  0.000E+00
-19.642  0.000E+00
-19.632  0.000E+00
-19.622  0.000E+00
-19.612  0.000E+00
-19.602  0.000E+00
-19.592  0.000E+00
-19.582  0.000E+00
-19.572  0.000E+00
-19.562  0.000E+00
-19.552  0.000E+00
-19.542  0.000E+00
-19.532  0.000E+00
-19.522  0.000E+00
-19.512  0.000E+00
-19.502  0.000E+00
-19.492  0.000E+00
-19.482  0.000E+00
-19.472  0.000E+00
-19.462  0.000E+00
-19.452  0.000E+00
-19.442  0.000E+00
-19.432  0.000E+00
-19.422  0.000E+00
-19.412  0.000E+00
-19.402  0.000E+00
-19.392  0.000E+00
-19.382  0.000E+00
-19.372  0.000E+00
-19.362  0.000E+00
-19.352  0.000E+00
-19.342  0.000E+00
-19.332  0.000E+00
-19.322  0.000E+00
-19.312  0.000E+00
-19.302  0.000E+00
-19.292  0.000E+00
-19.282  0.000E+00
-19.272  0.000E+00
-19.262  0.000E+00
-19.252  0.000E+00
-19.242  0.000E+00
-19.232  0.000E+00
-19.222  0.000E+00
-19.212  0.000E+00
-19.202  0.000E+00
-19.192  0.000E+00
-19.182  0.000E+00
-19.172  0.000E+00
-19.162  0.000E+00
-19.152  0.000E+00
-19.142  0.000E+00
-19.132  0.000E+00
-19.122  0.000E+00
-19.112  0.000E+00
-19.102  0.000E+00
-19.092  0.000E+00
-19.082  0.000E+00
-19.072  0.000E+00
-19.062  0.000E+00
-19.052  0.000E+00
-19.042  0.000E+00
-19.032  0.000E+00
-19.022  0.000E+00
-19.012  0.000E+00
-19.002  0.000E+00
-18.992  0.000E+00
-18.982  0.000E+00
-18.972  0.000E+00
-18.962  0.000E+00
-18.952  0.000E+00
-18.942  0.000E+00
-18.932  0.000E+00
-18.922  0.000E+00
-18.912  0.000E+00
-18.902  0.000E+00
-18.892  0.000E+00
-18.882  0.000E+00
-18.872  0.000E+00
-18.862  0.000E+00
-18.852  0.000E+00
-18.842  0.000E+00
-18.832  0.000E+00
-18.822  0.000E+00
-18.812  0.000E+00
-18.802  0.000E+00
-18.792  0.000E+00
-18.782  0.000E+00
-18.772  0.000E+00
-18.762  0.000E+00
-18.752  0.000E+00
-18.742  0.000E+00
-18.732  0.000E+00
-18.722  0.000E+00
-18.712  0.000E+00
-18.702  0.000E+00
-18.692  0.000E+00
-18.682  0.000E+00
-18.672  0.000E+00
-18.662  0.000E+00
-18.652  0.000E+00
-18.642  0.000E+00
-18.632  0.000E+00
-18.622  0.000E+00
-18.612  0.000E+00
-18.602  0.000E+00
-18.592  0.000E+00
-18.582  0.000E+00
-18.572  0.000E+00
-18.562  0.000E+00
-18.552  0.000E+00
-18.542  0.000E+00
-18.532  0.000E+00
-18.522  0.000E+00
-18.512  0.000E+00
-18.502  0.000E+00
-18.492  0.000E+00
-18.482  0.000E+00
-18.472  0.000E+00
-18.462  0.000E+00
-18.452  0.000E+00
-18.442  0.000E+00
-18.432  0.000E+00
-18.422  0.000E+00
-18.412  0.000E+00
-18.402  0.000E+00
-18.392  0.000E+00
-18.382  0.000E+00
-18.372  0.000E+00
-18.362  0.000E+00
-18.352  0.000E+00
-18.342  0.000E+00
-18.332  0.000E+00
-18.322  0.000E+00
-18.312  0.000E+00
-18.302  0.000E+00
-18.292  0.000E+00
-18.282  0.000E+00
-18.272  0.000E+00
-18.262  0.000E+00
-18.252  0.000E+00
-18.242  0.000E+00
-18.232  0.000E+00
-18.222  0.000E+00
-18.212  0.000E+00
-18.202  0.000E+00
-18.192  0.000E+00
-18.182  0.000E+00
-18.172  0.000E+00
-18.162  0.000E+00
-18.152  0.000E+00
-18.142  0.000E+00
-18.132  0.000E+00
-18.122  0.000E+00
-18.112  0.000E+00
-18.102  0.000E+00
-18.092  0.000E+00
-18.082  0.000E+00
-18.072  0.000E+00
-18.062  0.000E+00
-18.052  0.000E+00
-18.042  0.000E+00
-18.032  0.000E+00
-18.022  0.000E+00
-18.012  0.000E+00
-18.002  0.000E+00
-17.992  0.000E+00
-17.982  0.000E+00
-17.972  0.000E+00
-17.962  0.000E+00
-17.952  0.000E+00
-17.942  0.000E+00
-17.932  0.000E+00
-17.922  0.000E+00
-17.912  0.000E+00
-17.902  0.000E+00
-17.892  0.000E+00
-17.882  0.000E+00
-17.872  0.000E+00
-17.862  0.000E+00
-17.852  0.000E+00
-17.842  0.000E+00
-17.832  0.000E+00
-17.822  0.000E+00
-17.812  0.000E+00
-17.802  0.000E+00
-17.792  0.000E+00
-17.782  0.000E+00
-17.772  0.000E+00
-17.762  0.000E+00
-17.752  0.000E+00
-17.742  0.000E+00
-17.732  0.000E+00
-17.722  0.000E+00
-17.712  0.000E+00
-17.702  0.000E+00
-17.692  0.000E+00
-17.682  0.000E+00
-17.672  0.000E+00
-17.662  0.000E+00
-17.652  0.000E+00
-17.642  0.000E+00
-17.632  0.000E+00
-17.622  0.000E+00
-17.612  0.000E+00
-17.602  0.000E+00
-17.592  0.000E+00
-17.582  0.000E+00
-17.572  0.000E+00
-17.562  0.000E+00
-17.552  0.000E+00
-17.542  0.000E+00
-17.532  0.000E+00
-17.522  0.000E+00
-17.512  0.000E+00
-17.502  0.000E+00
-17.492  0.000E+00
-17.482  0.000E+00
-17.472  0.000E+00
-17.462  0.000E+00
-17.452  0.000E+00
-17.442  0.000E+00
-17.432  0.000E+00
-17.422  0.000E+00
-17.412  0.000E+00
-17.402  0.000E+00
-17.392  0.000E+00
-17.382  0.000E+00
-17.372  0.000E+00
-17.362  0.000E+00
-17.352  0.000E+00
-17.342  0.000E+00
-17.332  0.000E+00
-17.322  0.000E+00
-17.312  0.000E+00
-17.302  0.000E+00
-17.292  0.000E+00
-17.282  0.000E+00
-17.272  0.000E+00
-17.262  0.000E+00
-17.252  0.000E+00
-17.242  0.000E+00
-17.232  0.000E+00
-17.222  0.000E+00
-17.212  0.000E+00
-17.202  0.000E+00
-17.192  0.000E+00
-17.182  0.000E+00
-17.172  0.000E+00
-17.162  0.000E+00
-17.152  0.000E+00
-17.142  0.000E+00
-17.132  0.000E+00
-17.122  0.000E+00
-17.112  0.000E+00
-17.102  0.000E+00
-17.092  0.000E+00
-17.082  0.000E+00
-17.072  0.000E+00
-17.062  0.000E+00
-17.052  0.000E+00
-17.042  0.000E+00
-17.032  0.000E+00
-17.022  0.000E+00
-17.012  0.000E+00
-17.002  0.000E+00
-16.992  0.000E+00
-16.982  0.000E+00
-16.972  0.000E+00
-16.962  0.000E+00
-16.952  0.000E+00
-16.942  0.000E+00
-16.932  0.000E+00
-16.922  0.000E+00
-16.912  0.000E+00
-16.902  0.000E+00
-16.892  0.000E+00
-16.882  0.000E+00
-16.872  0.000E+00
-16.862  0.000E+00
-16.852  0.000E+00
-16.842  0.000E+00
-16.832  0.000E+00
-16.822  0.000E+00
-16.812  0.000E+00
-16.802  0.000E+00
-16.792  0.000E+00
-16.782  0.000E+00
-16.772  0.000E+00
-16.762  0.000E+00
-16.752  0.000E+00
-16.742  0.000E+00
-16.732  0.000E+00
-16.722  0.000E+00
-16.712  0.000E+00
-16.702  0.000E+00
-16.692  0.000E+00
-16.682  0.000E+00
-16.672  0.000E+00
-16.662  0.000E+00
-16.652  0.000E+00
-16.642  0.000E+00
-16.632  0.000E+00
-16.622  0.000E+00
-16.612  0.000E+00
-16.602  0.000E+00
-16.592  0.000E+00
-16.582  0.000E+00
-16.572  0.000E+00
-16.562  0.000E+00
-16.552  0.000E+00
-16.542  0.000E+00
-16.532  0.000E+00
-16.522  0.000E+00
-16.512  0.000E+00
-16.502  0.000E+00
-16.492  0.000E+00
-16.482  0.000E+00
-16.472  0.000E+00
-16.462  0.000E+00
-16.452  0.000E+00
-16.442  0.000E+00
-16.432  0.000E+00
-16.422  0.000E+00
-16.412  0.000E+00
-16.402  0.000E+00
-16.392  0.000E+00
-16.382  0.000E+00
-16.372  0.000E+00
-16.362  0.000E+00
-16.352  0.000E+00
-16.342  0.000E+00
-16.332  0.000E+00
-16.322  0.000E+00
-16.312  0.000E+00
-16.302  0.000E+00
-16.292  0.000E+00
-16.282  0.000E+00
-16.272  0.000E+00
-16.262  0.000E+00
-16.252  0.000E+00
-16.242  0.000E+00
-16.232  0.000E+00
-16.222  0.000E+00
-16.212  0.000E+00
-16.202  0.000E+00
-16.192  0.000E+00
-16.182  0.000E+00
-16.172  0.000E+00
-16.162  0.000E+00
-16.152  0.000E+00
-16.142  0.000E+00
-16.132  0.000E+00
-16.122  0.000E+00
-16.112  0.000E+00
-16.102  0.000E+00
-16.092  0.000E+00
-16.082  0.000E+00
-16.072  0.000E+00
-16.062  0.000E+00
-16.052  0.000E+00
-16.042  0.000E+00
-16.032  0.000E+00
-16.022  0.000E+00
-16.012  0.000E+00
-16.002  0.000E+00
-15.992  0.000E+00
-15.982  0.000E+00
-15.972  0.000E+00
-15.962  0.000E+00
-15.952  0.000E+00
-15.942  0.000E+00
-15.932  0.000E+00
-15.922  0.000E+00
-15.912  0.000E+00
-15.902  0.000E+00
-15.892  0.000E+00
-15.882  0.000E+00
-15.872  0.000E+00
-15.862  0.000E+00
-15.852  0.000E+00
-15.842  0.000E+00
-15.832  0.000E+00
-15.822  0.000E+00
-15.812  0.000E+00
-15.802  0.000E+00
-15.792  0.000E+00
-15.782  0.000E+00
-15.772  0.000E+00
-15.762  0.000E+00
-15.752  0.000E+00
-15.742  0.000E+00
-15.732  0.000E+00
-15.722  0.000E+00
-15.712  0.000E+00
-15.702  0.000E+00
-15.692  0.000E+00
-15.682  0.000E+00
-15.672  0.000E+00
-15.662  0.000E+00
-15.652  0.000E+00
-15.642  0.000E+00
-15.632  0.000E+00
-15.622  0.000E+00
-15.612  0.000E+00
-15.602  0.000E+00
-15.592  0.000E+00
-15.582  0.000E+00
-15.572  0.000E+00
-15.562  0.000E+00
-15.552  0.000E+00
-15.542  0.000E+00
-15.532  0.000E+00
-15.522  0.000E+00
-15.512  0.000E+00
-15.502  0.000E+00
-15.492  0.000E+00
-15.482  0.000E+00
-15.472  0.000E+00
-15.462  0.000E+00
-15.452  0.000E+00
-15.442  0.000E+00
-15.432  0.000E+00
-15.422  0.000E+00
-15.412  0.000E+00
-15.402  0.000E+00
-15.392  0.000E+00
-15.382  0.000E+00
-15.372  0.000E+00
-15.362  0.000E+00
-15.352  0.000E+00
-15.342  0.000E+00
-15.332  0.000E+00
-15.322  0.000E+00
-15.312  0.000E+00
-15.302  0.000E+00
-15.292  0.000E+00
-15.282  0.000E+00
-15.272  0.000E+00
-15.262  0.000E+00
-15.252  0.000E+00
-15.242  0.000E+00
-15.232  0.000E+00
-15.222  0.000E+00
-15.212  0.000E+00
-15.202  0.000E+00
-15.192  0.000E+00
-15.182  0.000E+00
-15.172  0.000E+00
-15.162  0.000E+00
-15.152  0.000E+00
-15.142  0.000E+00
-15.132  0.000E+00
-15.122  0.000E+00
-15.112  0.000E+00
-15.102  0.000E+00
-15.092  0.000E+00
-15.082  0.000E+00
-15.072  0.000E+00
-15.062  0.000E+00
-15.052  0.000E+00
-15.042  0.000E+00
-15.032  0.000E+00
-15.022  0.000E+00
-15.012  0.000E+00
-15.002  0.000E+00
-14.992  0.000E+00
-14.982  0.000E+00
-14.972  0.000E+00
-14.962  0.000E+00
-14.952  0.000E+00
-14.942  0.000E+00
-14.932  0.000E+00
-14.922  0.000E+00
-14.912  0.000E+00
-14.902  0.000E+00
-14.892  0.000E+00
-14.882  0.000E+00
-14.872  0.000E+00
-14.862  0.000E+00
-14.852  0.000E+00
-14.842  0.000E+00
-14.832  0.000E+00
-14.822  0.000E+00
-14.812  0.000E+00
-14.802  0.000E+00
-14.792  0.000E+00
-14.782  0.000E+00
-14.772  0.000E+00
-14.762  0.000E+00
-14.752  0.000E+00
-14.742  0.000E+00
-14.732  0.000E+00
-14.722  0.000E+00
-14.712  0.000E+00
-14.702  0.000E+00
-14.692  0.000E+00
-14.682  0.000E+00
-14.672  0.000E+00
-14.662  0.000E+00
-14.652  0.000E+00
-14.642  0.000E+00
-14.632  0.000E+00
-14.622  0.000E+00
-14.612  0.000E+00
-14.602  0.000E+00
-14.592  0.000E+00
-14.582  0.000E+00
-14.572  0.000E+00
-14.562  0.000E+00
-14.552  0.000E+00
-14.542  0.000E+00
-14.532  0.000E+00
-14.522  0.000E+00
-14.512  0.000E+00
-14.502  0.000E+00
-14.492  0.000E+00
-14.482  0.000E+00
-14.472  0.000E+00
-14.462  0.000E+00
-14.452  0.000E+00
-14.442  0.000E+00
-14.432  0.000E+00
-14.422  0.000E+00
-14.412  0.000E+00
-14.402  0.000E+00
-14.392  0.000E+00
-14.382  0.000E+00
-14.372  0.000E+00
-14.362  0.000E+00
-14.352  0.000E+00
-14.342  0.000E+00
-14.332  0.000E+00
-14.322  0.000E+00
-14.312  0.000E+00
-14.302  0.000E+00
-14.292  0.000E+00
-14.282  0.000E+00
-14.272  0.000E+00
-14.262  0.000E+00
-14.252  0.000E+00
-14.242  0.000E+00
-14.232  0.000E+00
-14.222  0.000E+00
-14.212  0.000E+00
-14.202  0.000E+00
-14.192  0.000E+00
-14.182  0.000E+00
-14.172  0.000E+00
-14.162  0.000E+00
-14.152  0.000E+00
-14.142  0.000E+00
-14.132  0.000E+00
-14.122  0.000E+00
-14.112  0.000E+00
-14.102  0.000E+00
-14.092  0.000E+00
-14.082  0.000E+00
-14.072  0.000E+00
-14.062  0.000E+00
-14.052  0.000E+00
-14.042  0.000E+00
-14.032  0.000E+00
-14.022  0.000E+00
-14.012  0.000E+00
-14.002  0.000E+00
-13.992  0.000E+00
-13.982  0.000E+00
-13.972  0.000E+00
-13.962  0.000E+00
-13.952  0.000E+00
-13.942  0.000E+00
-13.932  0.000E+00
-13.922  0.000E+00
-13.912  0.240E-01
-13.902  0.576E-01
-13.892  0.910E-01
-13.882  0.124E+00
-13.872  0.157E+00
-13.862  0.190E+00
-13.852  0.224E+00
-13.842  0.256E+00
-13.832  0.288E+00
-13.822  0.320E+00
-13.812  0.352E+00
-13.802  0.386E+00
-13.792  0.416E+00
-13.782  0.448E+00
-13.772  0.480E+00
-13.762  0.512E+00
-13.752  0.266E+00
-13.742  0.268E+00
-13.732  0.270E+00
-13.722  0.272E+00
-13.712  0.276E+00
-13.702  0.278E+00
-13.692  0.280E+00
-13.682  0.282E+00
-13.672  0.286E+00
-13.662  0.288E+00
-13.652  0.290E+00
-13.642  0.292E+00
-13.632  0.296E+00
-13.622  0.298E+00
-13.612  0.300E+00
-13.602  0.302E+00
-13.592  0.306E+00
-13.582  0.308E+00
-13.572  0.310E+00
-13.562  0.312E+00
-13.552  0.314E+00
-13.542  0.318E+00
-13.532  0.320E+00
-13.522  0.322E+00
-13.512  0.324E+00
-13.502  0.326E+00
-13.492  0.330E+00
-13.482  0.332E+00
-13.472  0.334E+00
-13.462  0.336E+00
-13.452  0.338E+00
-13.442  0.336E+00
-13.432  0.334E+00
-13.422  0.330E+00
-13.412  0.328E+00
-13.402  0.324E+00
-13.392  0.322E+00
-13.382  0.318E+00
-13.372  0.316E+00
-13.362  0.312E+00
-13.352  0.310E+00
-13.342  0.308E+00
-13.332  0.304E+00
-13.322  0.302E+00
-13.312  0.298E+00
-13.302  0.296E+00
-13.292  0.296E+00
-13.282  0.298E+00
-13.272  0.298E+00
-13.262  0.300E+00
-13.252  0.302E+00
-13.242  0.302E+00
-13.232  0.304E+00
-13.222  0.304E+00
-13.212  0.306E+00
-13.202  0.308E+00
-13.192  0.308E+00
-13.182  0.310E+00
-13.172  0.310E+00
-13.162  0.312E+00
-13.152  0.314E+00
-13.142  0.314E+00
-13.132  0.316E+00
-13.122  0.316E+00
-13.112  0.318E+00
-13.102  0.320E+00
-13.092  0.320E+00
-13.082  0.322E+00
-13.072  0.322E+00
-13.062  0.324E+00
-13.052  0.326E+00
-13.042  0.326E+00
-13.032  0.328E+00
-13.022  0.328E+00
-13.012  0.330E+00
-13.002  0.332E+00
-12.992  0.332E+00
-12.982  0.334E+00
-12.972  0.334E+00
-12.962  0.336E+00
-12.952  0.338E+00
-12.942  0.338E+00
-12.932  0.340E+00
-12.922  0.340E+00
-12.912  0.342E+00
-12.902  0.344E+00
-12.892  0.344E+00
-12.882  0.346E+00
-12.872  0.346E+00
-12.862  0.332E+00
-12.852  0.334E+00
-12.842  0.334E+00
-12.832  0.336E+00
-12.822  0.338E+00
-12.812  0.338E+00
-12.802  0.340E+00
-12.792  0.342E+00
-12.782  0.342E+00
-12.772  0.344E+00
-12.762  0.344E+00
-12.752  0.346E+00
-12.742  0.348E+00
-12.732  0.348E+00
-12.722  0.350E+00
-12.712  0.352E+00
-12.702  0.352E+00
-12.692  0.354E+00
-12.682  0.356E+00
-12.672  0.356E+00
-12.662  0.358E+00
-12.652  0.360E+00
-12.642  0.360E+00
-12.632  0.362E+00
-12.622  0.364E+00
-12.612  0.364E+00
-12.602  0.368E+00
-12.592  0.370E+00
-12.582  0.374E+00
-12.572  0.378E+00
-12.562  0.382E+00
-12.552  0.384E+00
-12.542  0.388E+00
-12.532  0.392E+00
-12.522  0.396E+00
-12.512  0.398E+00
-12.502  0.402E+00
-12.492  0.406E+00
-12.482  0.410E+00
-12.472  0.414E+00
-12.462  0.416E+00
-12.452  0.420E+00
-12.442  0.424E+00
-12.432  0.428E+00
-12.422  0.432E+00
-12.412  0.434E+00
-12.402  0.438E+00
-12.392  0.442E+00
-12.382  0.446E+00
-12.372  0.450E+00
-12.362  0.452E+00
-12.352  0.456E+00
-12.342  0.460E+00
-12.332  0.464E+00
-12.322  0.468E+00
-12.312  0.472E+00
-12.302  0.474E+00
-12.292  0.478E+00
-12.282  0.482E+00
-12.272  0.486E+00
-12.262  0.490E+00
-12.252  0.494E+00
-12.242  0.498E+00
-12.232  0.500E+00
-12.222  0.504E+00
-12.212  0.508E+00
-12.202  0.512E+00
-12.192  0.518E+00
-12.182  0.534E+00
-12.172  0.550E+00
-12.162  0.566E+00
-12.152  0.582E+00
-12.142  0.202E+01
-12.132  0.163E+01
-12.122  0.125E+01
-12.112  0.860E+00
-12.102  0.466E+00
-12.092  0.392E+00
-12.082  0.386E+00
-12.072  0.380E+00
-12.062  0.376E+00
-12.052  0.370E+00
-12.042  0.364E+00
-12.032  0.358E+00
-12.022  0.354E+00
-12.012  0.348E+00
-12.002  0.342E+00
-11.992  0.338E+00
-11.982  0.332E+00
-11.972  0.326E+00
-11.962  0.322E+00
-11.952  0.316E+00
-11.942  0.310E+00
-11.932  0.304E+00
-11.922  0.300E+00
-11.912  0.294E+00
-11.902  0.288E+00
-11.892  0.284E+00
-11.882  0.278E+00
-11.872  0.272E+00
-11.862  0.268E+00
-11.852  0.262E+00
-11.842  0.256E+00
-11.832  0.250E+00
-11.822  0.246E+00
-11.812  0.240E+00
-11.802  0.234E+00
-11.792  0.230E+00
-11.782  0.224E+00
-11.772  0.218E+00
-11.762  0.212E+00
-11.752  0.208E+00
-11.742  0.202E+00
-11.732  0.197E+00
-11.722  0.191E+00
-11.712  0.186E+00
-11.702  0.180E+00
-11.692  0.175E+00
-11.682  0.170E+00
-11.672  0.164E+00
-11.662  0.159E+00
-11.652  0.153E+00
-11.642  0.148E+00
-11.632  0.143E+00
-11.622  0.137E+00
-11.612  0.000E+00
-11.602  0.000E+00
-11.592  0.000E+00
-11.582  0.000E+00
-11.572  0.000E+00
-11.562  0.000E+00
-11.552  0.000E+00
-11.542  0.000E+00
-11.532  0.000E+00
-11.522  0.000E+00
-11.512  0.000E+00
-11.502  0.000E+00
-11.492  0.000E+00
-11.482  0.000E+00
-11.472  0.000E+00
-11.462  0.000E+00
-11.452  0.000E+00
-11.442  0.000E+00
-11.432  0.000E+00
-11.422  0.000E+00
-11.412  0.000E+00
-11.402  0.000E+00
-11.392  0.000E+00
-11.382  0.000E+00
-11.372  0.000E+00
-11.362  0.000E+00
-11.352  0.000E+00
-11.342  0.000E+00
-11.332  0.000E+00
-11.322  0.000E+00
-11.312  0.000E+00
-11.302  0.000E+00
-11.292  0.000E+00
-11.282  0.000E+00
-11.272  0.000E+00
-11.262  0.000E+00
-11.252  0.000E+00
-11.242  0.000E+00
-11.232  0.000E+00
-11.222  0.000E+00
-11.212  0.000E+00
-11.202  0.000E+00
-11.192  0.000E+00
-11.182  0.000E+00
-11.172  0.000E+00
-11.162  0.000E+00
-11.152  0.000E+00
-11.142  0.000E+00
-11.132  0.000E+00
-11.122  0.000E+00
-11.112  0.000E+00
-11.102  0.000E+00
-11.092  0.000E+00
-11.082  0.000E+00
-11.072  0.000E+00
-11.062  0.000E+00
-11.052  0.000E+00
-11.042  0.000E+00
-11.032  0.000E+00
-11.022  0.000E+00
-11.012  0.000E+00
-11.002  0.000E+00
-10.992  0.000E+00
-10.982  0.000E+00
-10.972  0.000E+00
-10.962  0.000E+00
-10.952  0.000E+00
-10.942  0.000E+00
-10.932  0.000E+00
-10.922  0.000E+00
-10.912  0.140E+00
-10.902  0.147E+00
-10.892  0.154E+00
-10.882  0.162E+00
-10.872  0.169E+00
-10.862  0.176E+00
-10.852  0.184E+00
-10.842  0.191E+00
-10.832  0.198E+00
-10.822  0.206E+00
-10.812  0.212E+00
-10.802  0.220E+00
-10.792  0.228E+00
-10.782  0.234E+00
-10.772  0.242E+00
-10.762  0.250E+00
-10.752  0.256E+00
-10.742  0.264E+00
-10.732  0.272E+00
-10.722  0.278E+00
-10.712  0.286E+00
-10.702  0.292E+00
-10.692  0.300E+00
-10.682  0.308E+00
-10.672  0.314E+00
-10.662  0.322E+00
-10.652  0.328E+00
-10.642  0.336E+00
-10.632  0.344E+00
-10.622  0.350E+00
-10.612  0.358E+00
-10.602  0.366E+00
-10.592  0.372E+00
-10.582  0.380E+00
-10.572  0.442E+00
-10.562  0.524E+00
-10.552  0.608E+00
-10.542  0.692E+00
-10.532  0.776E+00
-10.522  0.862E+00
-10.512  0.948E+00
-10.502  0.104E+01
-10.492  0.112E+01
-10.482  0.121E+01
-10.472  0.130E+01
-10.462  0.564E+00
-10.452  0.554E+00
-10.442  0.546E+00
-10.432  0.538E+00
-10.422  0.530E+00
-10.412  0.520E+00
-10.402  0.512E+00
-10.392  0.504E+00
-10.382  0.494E+00
-10.372  0.486E+00
-10.362  0.476E+00
-10.352  0.468E+00
-10.342  0.462E+00
-10.332  0.460E+00
-10.322  0.458E+00
-10.312  0.456E+00
-10.302  0.454E+00
-10.292  0.450E+00
-10.282  0.448E+00
-10.272  0.446E+00
-10.262  0.444E+00
-10.252  0.442E+00
-10.242  0.438E+00
-10.232  0.436E+00
-10.222  0.434E+00
-10.212  0.432E+00
-10.202  0.428E+00
-10.192  0.426E+00
-10.182  0.424E+00
-10.172  0.422E+00
-10.162  0.418E+00
-10.152  0.416E+00
-10.142  0.414E+00
-10.132  0.412E+00
-10.122  0.408E+00
-10.112  0.406E+00
-10.102  0.404E+00
-10.092  0.402E+00
-10.082  0.398E+00
-10.072  0.396E+00
-10.062  0.394E+00
-10.052  0.390E+00
-10.042  0.388E+00
-10.032  0.386E+00
-10.022  0.382E+00
-10.012  0.382E+00
-10.002  0.382E+00
 -9.992  0.382E+00
 -9.982  0.382E+00
 -9.972  0.382E+00
 -9.962  0.382E+00
 -9.952  0.382E+00
 -9.942  0.382E+00
 -9.932  0.382E+00
 -9.922  0.382E+00
 -9.912  0.382E+00
 -9.902  0.382E+00
 -9.892  0.382E+00
 -9.882  0.382E+00
 -9.872  0.382E+00
 -9.862  0.382E+00
 -9.852  0.382E+00
 -9.842  0.382E+00
 -9.832  0.382E+00
 -9.822  0.380E+00
 -9.812  0.380E+00
 -9.802  0.380E+00
 -9.792  0.380E+00
 -9.782  0.380E+00
 -9.772  0.380E+00
 -9.762  0.380E+00
 -9.752  0.380E+00
 -9.742  0.380E+00
 -9.732  0.380E+00
 -9.722  0.380E+00
 -9.712  0.434E+00
 -9.702  0.432E+00
 -9.692  0.432E+00
 -9.682  0.430E+00
 -9.672  0.430E+00
 -9.662  0.428E+00
 -9.652  0.428E+00
 -9.642  0.426E+00
 -9.632  0.426E+00
 -9.622  0.424E+00
 -9.612  0.424E+00
 -9.602  0.422E+00
 -9.592  0.422E+00
 -9.582  0.420E+00
 -9.572  0.420E+00
 -9.562  0.418E+00
 -9.552  0.418E+00
 -9.542  0.416E+00
 -9.532  0.416E+00
 -9.522  0.414E+00
 -9.512  0.414E+00
 -9.502  0.412E+00
 -9.492  0.412E+00
 -9.482  0.410E+00
 -9.472  0.410E+00
 -9.462  0.408E+00
 -9.452  0.408E+00
 -9.442  0.406E+00
 -9.432  0.406E+00
 -9.422  0.404E+00
 -9.412  0.404E+00
 -9.402  0.402E+00
 -9.392  0.400E+00
 -9.382  0.400E+00
 -9.372  0.414E+00
 -9.362  0.456E+00
 -9.352  0.496E+00
 -9.342  0.536E+00
 -9.332  0.574E+00
 -9.322  0.614E+00
 -9.312  0.652E+00
 -9.302  0.690E+00
 -9.292  0.728E+00
 -9.282  0.766E+00
 -9.272  0.768E+00
 -9.262  0.760E+00
 -9.252  0.752E+00
 -9.242  0.746E+00
 -9.232  0.738E+00
 -9.222  0.730E+00
 -9.212  0.722E+00
 -9.202  0.714E+00
 -9.192  0.706E+00
 -9.182  0.698E+00
 -9.172  0.374E+01
 -9.162  0.306E+00
 -9.152  0.000E+00
 -9.142  0.000E+00
 -9.132  0.000E+00
 -9.122  0.000E+00
 -9.112  0.000E+00
 -9.102  0.000E+00
 -9.092  0.000E+00
 -9.082  0.000E+00
 -9.072  0.000E+00
 -9.062  0.000E+00
 -9.052  0.000E+00
 -9.042  0.000E+00
 -9.032  0.000E+00
 -9.022  0.000E+00
 -9.012  0.000E+00
 -9.002  0.000E+00
 -8.992  0.000E+00
 -8.982  0.000E+00
 -8.972  0.000E+00
 -8.962  0.000E+00
 -8.952  0.000E+00
 -8.942  0.000E+00
 -8.932  0.000E+00
 -8.922  0.000E+00
 -8.912  0.000E+00
 -8.902  0.000E+00
 -8.892  0.000E+00
 -8.882  0.000E+00
 -8.872  0.000E+00
 -8.862  0.000E+00
 -8.852  0.000E+00
 -8.842  0.000E+00
 -8.832  0.000E+00
 -8.822  0.000E+00
 -8.812  0.000E+00
 -8.802  0.000E+00
 -8.792  0.000E+00
 -8.782  0.000E+00
 -8.772  0.000E+00
 -8.762  0.000E+00
 -8.752  0.000E+00
 -8.742  0.000E+00
 -8.732  0.000E+00
 -8.722  0.000E+00
 -8.712  0.000E+00
 -8.702  0.000E+00
 -8.692  0.000E+00
 -8.682  0.000E+00
 -8.672  0.000E+00
 -8.662  0.000E+00
 -8.652  0.000E+00
 -8.642  0.000E+00
 -8.632  0.000E+00
 -8.622  0.000E+00
 -8.612  0.000E+00
 -8.602  0.000E+00
 -8.592  0.000E+00
 -8.582  0.000E+00
 -8.572  0.000E+00
 -8.562  0.000E+00
 -8.552  0.000E+00
 -8.542  0.000E+00
 -8.532  0.000E+00
 -8.522  0.000E+00
 -8.512  0.000E+00
 -8.502  0.000E+00
 -8.492  0.000E+00
 -8.482  0.000E+00
 -8.472  0.000E+00
 -8.462  0.000E+00
 -8.452  0.000E+00
 -8.442  0.000E+00
 -8.432  0.000E+00
 -8.422  0.000E+00
 -8.412  0.000E+00
 -8.402  0.000E+00
 -8.392  0.000E+00
 -8.382  0.000E+00
 -8.372  0.000E+00
 -8.362  0.000E+00
 -8.352  0.000E+00
 -8.342  0.000E+00
 -8.332  0.000E+00
 -8.322  0.000E+00
 -8.312  0.000E+00
 -8.302  0.000E+00
 -8.292  0.000E+00
 -8.282  0.000E+00
 -8.272  0.000E+00
 -8.262  0.000E+00
 -8.252  0.000E+00
 -8.242  0.000E+00
 -8.232  0.000E+00
 -8.222  0.000E+00
 -8.212  0.000E+00
 -8.202  0.000E+00
 -8.192  0.000E+00
 -8.182  0.000E+00
 -8.172  0.000E+00
 -8.162  0.000E+00
 -8.152  0.000E+00
 -8.142  0.000E+00
 -8.132  0.000E+00
 -8.122  0.000E+00
 -8.112  0.000E+00
 -8.102  0.000E+00
 -8.092  0.000E+00
 -8.082  0.000E+00
 -8.072  0.000E+00
 -8.062  0.000E+00
 -8.052  0.000E+00
 -8.042  0.000E+00
 -8.032  0.000E+00
 -8.022  0.000E+00
 -8.012  0.000E+00
 -8.002  0.000E+00
 -7.992  0.000E+00
 -7.982  0.000E+00
 -7.972  0.000E+00
 -7.962  0.000E+00
 -7.952  0.000E+00
 -7.942  0.000E+00
 -7.932  0.000E+00
 -7.922  0.000E+00
 -7.912  0.000E+00
 -7.902  0.000E+00
 -7.892  0.000E+00
 -7.882  0.000E+00
 -7.872  0.000E+00
 -7.862  0.000E+00
 -7.852  0.000E+00
 -7.842  0.000E+00
 -7.832  0.000E+00
 -7.822  0.000E+00
 -7.812  0.000E+00
 -7.802  0.000E+00
 -7.792  0.000E+00
 -7.782  0.000E+00
 -7.772  0.000E+00
 -7.762  0.000E+00
 -7.752  0.000E+00
 -7.742  0.000E+00
 -7.732  0.000E+00
 -7.722  0.000E+00
 -7.712  0.000E+00
 -7.702  0.000E+00
 -7.692  0.000E+00
 -7.682  0.000E+00
 -7.672  0.000E+00
 -7.662  0.000E+00
 -7.652  0.000E+00
 -7.642  0.000E+00
 -7.632  0.000E+00
 -7.622  0.000E+00
 -7.612  0.000E+00
 -7.602  0.000E+00
 -7.592  0.000E+00
 -7.582  0.000E+00
 -7.572  0.000E+00
 -7.562  0.000E+00
 -7.552  0.000E+00
 -7.542  0.000E+00
 -7.532  0.000E+00
 -7.522  0.000E+00
 -7.512  0.000E+00
 -7.502  0.000E+00
 -7.492  0.000E+00
 -7.482  0.000E+00
 -7.472  0.000E+00
 -7.462  0.000E+00
 -7.452  0.000E+00
 -7.442  0.000E+00
 -7.432  0.000E+00
 -7.422  0.000E+00
 -7.412  0.000E+00
 -7.402  0.000E+00
 -7.392  0.000E+00
 -7.382  0.000E+00
 -7.372  0.000E+00
 -7.362  0.000E+00
 -7.352  0.000E+00
 -7.342  0.000E+00
 -7.332  0.000E+00
 -7.322  0.000E+00
 -7.312  0.000E+00
 -7.302  0.000E+00
 -7.292  0.000E+00
 -7.282  0.000E+00
 -7.272  0.000E+00
 -7.262  0.000E+00
 -7.252  0.000E+00
 -7.242  0.000E+00
 -7.232  0.000E+00
 -7.222  0.000E+00
 -7.212  0.000E+00
 -7.202  0.000E+00
 -7.192  0.000E+00
 -7.182  0.000E+00
 -7.172  0.000E+00
 -7.162  0.000E+00
 -7.152  0.000E+00
 -7.142  0.000E+00
 -7.132  0.000E+00
 -7.122  0.000E+00
 -7.112  0.000E+00
 -7.102  0.000E+00
 -7.092  0.000E+00
 -7.082  0.000E+00
 -7.072  0.000E+00
 -7.062  0.000E+00
 -7.052  0.000E+00
 -7.042  0.000E+00
 -7.032  0.000E+00
 -7.022  0.000E+00
 -7.012  0.000E+00
 -7.002  0.000E+00
 -6.992  0.000E+00
 -6.982  0.000E+00
 -6.972  0.000E+00
 -6.962  0.000E+00
 -6.952  0.000E+00
 -6.942  0.000E+00
 -6.932  0.000E+00
 -6.922  0.000E+00
 -6.912  0.000E+00
 -6.902  0.000E+00
 -6.892  0.000E+00
 -6.882  0.000E+00
 -6.872  0.000E+00
 -6.862  0.000E+00
 -6.852  0.000E+00
 -6.842  0.000E+00
 -6.832  0.000E+00
 -6.822  0.000E+00
 -6.812  0.000E+00
 -6.802  0.000E+00
 -6.792  0.000E+00
 -6.782  0.000E+00
 -6.772  0.000E+00
 -6.762  0.000E+00
 -6.752  0.000E+00
 -6.742  0.000E+00
 -6.732  0.000E+00
 -6.722  0.000E+00
 -6.712  0.000E+00
 -6.702  0.000E+00
 -6.692  0.000E+00
 -6.682  0.000E+00
 -6.672  0.000E+00
 -6.662  0.000E+00
 -6.652  0.000E+00
 -6.642  0.000E+00
 -6.632  0.000E+00
 -6.622  0.000E+00
 -6.612  0.000E+00
 -6.602  0.000E+00
 -6.592  0.000E+00
 -6.582  0.000E+00
 -6.572  0.000E+00
 -6.562  0.000E+00
 -6.552  0.000E+00
 -6.542  0.000E+00
 -6.532  0.000E+00
 -6.522  0.000E+00
 -6.512  0.000E+00
 -6.502  0.000E+00
 -6.492  0.000E+00
 -6.482  0.000E+00
 -6.472  0.000E+00
 -6.462  0.000E+00
 -6.452  0.000E+00
 -6.442  0.000E+00
 -6.432  0.000E+00
 -6.422  0.000E+00
 -6.412  0.000E+00
 -6.402  0.000E+00
 -6.392  0.000E+00
 -6.382  0.000E+00
 -6.372  0.000E+00
 -6.362  0.000E+00
 -6.352  0.000E+00
 -6.342  0.000E+00
 -6.332  0.000E+00
 -6.322  0.000E+00
 -6.312  0.000E+00
 -6.302  0.000E+00
 -6.292  0.000E+00
 -6.282  0.000E+00
 -6.272  0.000E+00
 -6.262  0.000E+00
 -6.252  0.000E+00
 -6.242  0.000E+00
 -6.232  0.000E+00
 -6.222  0.000E+00
 -6.212  0.000E+00
 -6.202  0.000E+00
 -6.192  0.000E+00
 -6.182  0.000E+00
 -6.172  0.000E+00
 -6.162  0.000E+00
 -6.152  0.000E+00
 -6.142  0.000E+00
 -6.132  0.000E+00
 -6.122  0.000E+00
 -6.112  0.000E+00
 -6.102  0.000E+00
 -6.092  0.520E-02
 -6.082  0.566E-02
 -6.072  0.618E-02
 -6.062  0.680E-02
 -6.052  0.748E-02
 -6.042  0.824E-02
 -6.032  0.910E-02
 -6.022  0.100E-01
 -6.012  0.110E-01
 -6.002  0.121E-01
 -5.992  0.132E-01
 -5.982  0.145E-01
 -5.972  0.158E-01
 -5.962  0.171E-01
 -5.952  0.186E-01
 -5.942  0.202E-01
 -5.932  0.218E-01
 -5.922  0.234E-01
 -5.912  0.252E-01
 -5.902  0.270E-01
 -5.892  0.290E-01
 -5.882  0.310E-01
 -5.872  0.330E-01
 -5.862  0.352E-01
 -5.852  0.374E-01
 -5.842  0.398E-01
 -5.832  0.422E-01
 -5.822  0.446E-01
 -5.812  0.472E-01
 -5.802  0.498E-01
 -5.792  0.524E-01
 -5.782  0.648E-01
 -5.772  0.170E+00
 -5.762  0.300E+00
 -5.752  0.676E+00
 -5.742  0.558E+00
 -5.732  0.408E+00
 -5.722  0.224E+00
 -5.712  0.104E+00
 -5.702  0.944E-01
 -5.692  0.854E-01
 -5.682  0.770E-01
 -5.672  0.692E-01
 -5.662  0.620E-01
 -5.652  0.554E-01
 -5.642  0.492E-01
 -5.632  0.438E-01
 -5.622  0.388E-01
 -5.612  0.346E-01
 -5.602  0.308E-01
 -5.592  0.276E-01
 -5.582  0.250E-01
 -5.572  0.158E-01
 -5.562  0.150E-01
 -5.552  0.142E-01
 -5.542  0.135E-01
 -5.532  0.128E-01
 -5.522  0.122E-01
 -5.512  0.116E-01
 -5.502  0.110E-01
 -5.492  0.104E-01
 -5.482  0.986E-02
 -5.472  0.934E-02
 -5.462  0.886E-02
 -5.452  0.842E-02
 -5.442  0.800E-02
 -5.432  0.760E-02
 -5.422  0.724E-02
 -5.412  0.692E-02
 -5.402  0.662E-02
 -5.392  0.634E-02
 -5.382  0.610E-02
 -5.372  0.588E-02
 -5.362  0.570E-02
 -5.352  0.556E-02
 -5.342  0.542E-02
 -5.332  0.528E-02
 -5.322  0.514E-02
 -5.312  0.500E-02
 -5.302  0.488E-02
 -5.292  0.476E-02
 -5.282  0.462E-02
 -5.272  0.450E-02
 -5.262  0.438E-02
 -5.252  0.582E-02
 -5.242  0.728E-02
 -5.232  0.872E-02
 -5.222  0.101E-01
 -5.212  0.116E-01
 -5.202  0.130E-01
 -5.192  0.144E-01
 -5.182  0.158E-01
 -5.172  0.172E-01
 -5.162  0.186E-01
 -5.152  0.200E-01
 -5.142  0.214E-01
 -5.132  0.228E-01
 -5.122  0.242E-01
 -5.112  0.256E-01
 -5.102  0.268E-01
 -5.092  0.282E-01
 -5.082  0.296E-01
 -5.072  0.310E-01
 -5.062  0.322E-01
 -5.052  0.336E-01
 -5.042  0.350E-01
 -5.032  0.362E-01
 -5.022  0.376E-01
 -5.012  0.388E-01
 -5.002  0.402E-01
 -4.992  0.414E-01
 -4.982  0.428E-01
 -4.972  0.440E-01
 -4.962  0.454E-01
 -4.952  0.466E-01
 -4.942  0.480E-01
 -4.932  0.494E-01
 -4.922  0.506E-01
 -4.912  0.520E-01
 -4.902  0.532E-01
 -4.892  0.546E-01
 -4.882  0.558E-01
 -4.872  0.570E-01
 -4.862  0.582E-01
 -4.852  0.596E-01
 -4.842  0.928E+00
 -4.832  0.206E-01
 -4.822  0.204E-01
 -4.812  0.202E-01
 -4.802  0.200E-01
 -4.792  0.199E-01
 -4.782  0.197E-01
 -4.772  0.195E-01
 -4.762  0.193E-01
 -4.752  0.190E-01
 -4.742  0.188E-01
 -4.732  0.186E-01
 -4.722  0.169E-01
 -4.712  0.167E-01
 -4.702  0.166E-01
 -4.692  0.164E-01
 -4.682  0.163E-01
 -4.672  0.162E-01
 -4.662  0.160E-01
 -4.652  0.159E-01
 -4.642  0.157E-01
 -4.632  0.156E-01
 -4.622  0.155E-01
 -4.612  0.153E-01
 -4.602  0.152E-01
 -4.592  0.150E-01
 -4.582  0.149E-01
 -4.572  0.147E-01
 -4.562  0.146E-01
 -4.552  0.144E-01
 -4.542  0.143E-01
 -4.532  0.141E-01
 -4.522  0.140E-01
 -4.512  0.138E-01
 -4.502  0.137E-01
 -4.492  0.135E-01
 -4.482  0.134E-01
 -4.472  0.132E-01
 -4.462  0.131E-01
 -4.452  0.129E-01
 -4.442  0.128E-01
 -4.432  0.126E-01
 -4.422  0.125E-01
 -4.412  0.123E-01
 -4.402  0.122E-01
 -4.392  0.120E-01
 -4.382  0.118E-01
 -4.372  0.364E-01
 -4.362  0.388E-01
 -4.352  0.412E-01
 -4.342  0.438E-01
 -4.332  0.462E-01
 -4.322  0.488E-01
 -4.312  0.512E-01
 -4.302  0.538E-01
 -4.292  0.564E-01
 -4.282  0.588E-01
 -4.272  0.614E-01
 -4.262  0.694E-01
 -4.252  0.792E-01
 -4.242  0.890E-01
 -4.232  0.988E-01
 -4.222  0.109E+00
 -4.212  0.118E+00
 -4.202  0.128E+00
 -4.192  0.138E+00
 -4.182  0.148E+00
 -4.172  0.158E+00
 -4.162  0.168E+00
 -4.152  0.177E+00
 -4.142  0.187E+00
 -4.132  0.197E+00
 -4.122  0.206E+00
 -4.112  0.216E+00
 -4.102  0.226E+00
 -4.092  0.127E+00
 -4.082  0.126E+00
 -4.072  0.124E+00
 -4.062  0.122E+00
 -4.052  0.120E+00
 -4.042  0.119E+00
 -4.032  0.117E+00
 -4.022  0.115E+00
 -4.012  0.113E+00
 -4.002  0.111E+00
 -3.992  0.109E+00
 -3.982  0.107E+00
 -3.972  0.106E+00
 -3.962  0.104E+00
 -3.952  0.102E+00
 -3.942  0.100E+00
 -3.932  0.984E-01
 -3.922  0.964E-01
 -3.912  0.946E-01
 -3.902  0.934E-01
 -3.892  0.922E-01
 -3.882  0.912E-01
 -3.872  0.914E-01
 -3.862  0.916E-01
 -3.852  0.918E-01
 -3.842  0.920E-01
 -3.832  0.924E-01
 -3.822  0.926E-01
 -3.812  0.928E-01
 -3.802  0.930E-01
 -3.792  0.934E-01
 -3.782  0.936E-01
 -3.772  0.940E-01
 -3.762  0.942E-01
 -3.752  0.944E-01
 -3.742  0.946E-01
 -3.732  0.946E-01
 -3.722  0.948E-01
 -3.712  0.948E-01
 -3.702  0.950E-01
 -3.692  0.950E-01
 -3.682  0.950E-01
 -3.672  0.950E-01
 -3.662  0.950E-01
 -3.652  0.950E-01
 -3.642  0.948E-01
 -3.632  0.948E-01
 -3.622  0.946E-01
 -3.612  0.944E-01
 -3.602  0.942E-01
 -3.592  0.940E-01
 -3.582  0.938E-01
 -3.572  0.936E-01
 -3.562  0.932E-01
 -3.552  0.928E-01
 -3.542  0.926E-01
 -3.532  0.922E-01
 -3.522  0.918E-01
 -3.512  0.116E+00
 -3.502  0.117E+00
 -3.492  0.119E+00
 -3.482  0.120E+00
 -3.472  0.122E+00
 -3.462  0.123E+00
 -3.452  0.125E+00
 -3.442  0.126E+00
 -3.432  0.128E+00
 -3.422  0.129E+00
 -3.412  0.131E+00
 -3.402  0.132E+00
 -3.392  0.134E+00
 -3.382  0.132E+00
 -3.372  0.130E+00
 -3.362  0.126E+00
 -3.352  0.127E+00
 -3.342  0.122E+00
 -3.332  0.115E+00
 -3.322  0.109E+00
 -3.312  0.101E+00
 -3.302  0.922E-01
 -3.292  0.834E-01
 -3.282  0.744E-01
 -3.272  0.650E-01
 -3.262  0.556E-01
 -3.252  0.458E-01
 -3.242  0.358E-01
 -3.232  0.256E-01
 -3.222  0.151E-01
 -3.212  0.902E-02
 -3.202  0.846E-02
 -3.192  0.792E-02
 -3.182  0.740E-02
 -3.172  0.690E-02
 -3.162  0.642E-02
 -3.152  0.596E-02
 -3.142  0.552E-02
 -3.132  0.508E-02
 -3.122  0.466E-02
 -3.112  0.428E-02
 -3.102  0.390E-02
 -3.092  0.354E-02
 -3.082  0.318E-02
 -3.072  0.286E-02
 -3.062  0.256E-02
 -3.052  0.226E-02
 -3.042  0.199E-02
 -3.032  0.174E-02
 -3.022  0.150E-02
 -3.012  0.128E-02
 -3.002  0.107E-02
 -2.992  0.890E-03
 -2.982  0.722E-03
 -2.972  0.570E-03
 -2.962  0.438E-03
 -2.952  0.324E-03
 -2.942  0.226E-03
 -2.932  0.145E-03
 -2.922  0.826E-04
 -2.912  0.376E-04
 -2.902  0.100E-04
 -2.892  0.432E-07
 -2.882  0.000E+00
 -2.872  0.000E+00
 -2.862  0.000E+00
 -2.852  0.000E+00
 -2.842  0.000E+00
 -2.832  0.000E+00
 -2.822  0.000E+00
 -2.812  0.000E+00
 -2.802  0.000E+00
 -2.792  0.000E+00
 -2.782  0.000E+00
 -2.772  0.000E+00
 -2.762  0.000E+00
 -2.752  0.000E+00
 -2.742  0.000E+00
 -2.732  0.000E+00
 -2.722  0.000E+00
 -2.712  0.000E+00
 -2.702  0.000E+00
 -2.692  0.000E+00
 -2.682  0.000E+00
 -2.672  0.000E+00
 -2.662  0.000E+00
 -2.652  0.000E+00
 -2.642  0.000E+00
 -2.632  0.000E+00
 -2.622  0.000E+00
 -2.612  0.000E+00
 -2.602  0.000E+00
 -2.592  0.000E+00
 -2.582  0.000E+00
 -2.572  0.000E+00
 -2.562  0.000E+00
 -2.552  0.000E+00
 -2.542  0.000E+00
 -2.532  0.000E+00
 -2.522  0.000E+00
 -2.512  0.000E+00
 -2.502  0.000E+00
 -2.492  0.000E+00
 -2.482  0.000E+00
 -2.472  0.000E+00
 -2.462  0.000E+00
 -2.452  0.000E+00
 -2.442  0.000E+00
 -2.432  0.000E+00
 -2.422  0.000E+00
 -2.412  0.000E+00
 -2.402  0.000E+00
 -2.392  0.000E+00
 -2.382  0.000E+00
 -2.372  0.000E+00
 -2.362  0.000E+00
 -2.352  0.000E+00
 -2.342  0.000E+00
 -2.332  0.000E+00
 -2.322  0.000E+00
 -2.312  0.000E+00
 -2.302  0.000E+00
 -2.292  0.000E+00
 -2.282  0.000E+00
 -2.272  0.000E+00
 -2.262  0.000E+00
 -2.252  0.000E+00
 -2.242  0.000E+00
 -2.232  0.000E+00
 -2.222  0.000E+00
 -2.212  0.000E+00
 -2.202  0.000E+00
 -2.192  0.000E+00
 -2.182  0.000E+00
 -2.172  0.000E+00
 -2.162  0.000E+00
 -2.152  0.000E+00
 -2.142  0.000E+00
 -2.132  0.000E+00
 -2.122  0.000E+00
 -2.112  0.000E+00
 -2.102  0.000E+00
 -2.092  0.000E+00
 -2.082  0.000E+00
 -2.072  0.000E+00
 -2.062  0.000E+00
 -2.052  0.000E+00
 -2.042  0.000E+00
 -2.032  0.000E+00
 -2.022  0.000E+00
 -2.012  0.000E+00
 -2.002  0.000E+00
 -1.992  0.000E+00
 -1.982  0.000E+00
 -1.972  0.000E+00
 -1.962  0.000E+00
 -1.952  0.000E+00
 -1.942  0.000E+00
 -1.932  0.000E+00
 -1.922  0.000E+00
 -1.912  0.000E+00
 -1.902  0.000E+00
 -1.892  0.000E+00
 -1.882  0.000E+00
 -1.872  0.000E+00
 -1.862  0.000E+00
 -1.852  0.000E+00
 -1.842  0.000E+00
 -1.832  0.000E+00
 -1.822  0.000E+00
 -1.812  0.000E+00
 -1.802  0.000E+00
 -1.792  0.000E+00
 -1.782  0.000E+00
 -1.772  0.000E+00
 -1.762  0.000E+00
 -1.752  0.000E+00
 -1.742  0.000E+00
 -1.732  0.000E+00
 -1.722  0.000E+00
 -1.712  0.000E+00
 -1.702  0.000E+00
 -1.692  0.000E+00
 -1.682  0.000E+00
 -1.672  0.000E+00
 -1.662  0.000E+00
 -1.652  0.000E+00
 -1.642  0.000E+00
 -1.632  0.000E+00
 -1.622  0.000E+00
 -1.612  0.000E+00
 -1.602  0.000E+00
 -1.592  0.000E+00
 -1.582  0.000E+00
 -1.572  0.000E+00
 -1.562  0.000E+00
 -1.552  0.000E+00
 -1.542  0.000E+00
 -1.532  0.000E+00
 -1.522  0.000E+00
 -1.512  0.000E+00
 -1.502  0.102E-01
 -1.492  0.212E-01
 -1.482  0.266E-01
 -1.472  0.276E-01
 -1.462  0.286E-01
 -1.452  0.296E-01
 -1.442  0.306E-01
 -1.432  0.316E-01
 -1.422  0.326E-01
 -1.412  0.336E-01
 -1.402  0.356E-01
 -1.392  0.376E-01
 -1.382  0.394E-01
 -1.372  0.414E-01
 -1.362  0.432E-01
 -1.352  0.452E-01
 -1.342  0.470E-01
 -1.332  0.488E-01
 -1.322  0.506E-01
 -1.312  0.522E-01
 -1.302  0.540E-01
 -1.292  0.558E-01
 -1.282  0.574E-01
 -1.272  0.590E-01
 -1.262  0.608E-01
 -1.252  0.624E-01
 -1.242  0.640E-01
 -1.232  0.654E-01
 -1.222  0.662E-01
 -1.212  0.668E-01
 -1.202  0.672E-01
 -1.192  0.678E-01
 -1.182  0.684E-01
 -1.172  0.688E-01
 -1.162  0.692E-01
 -1.152  0.698E-01
 -1.142  0.702E-01
 -1.132  0.706E-01
 -1.122  0.710E-01
 -1.112  0.714E-01
 -1.102  0.718E-01
 -1.092  0.722E-01
 -1.082  0.726E-01
 -1.072  0.730E-01
 -1.062  0.734E-01
 -1.052  0.738E-01
 -1.042  0.742E-01
 -1.032  0.746E-01
 -1.022  0.750E-01
 -1.012  0.754E-01
 -1.002  0.756E-01
 -0.992  0.760E-01
 -0.982  0.764E-01
 -0.972  0.129E+00
 -0.962  0.125E+00
 -0.952  0.122E+00
 -0.942  0.119E+00
 -0.932  0.116E+00
 -0.922  0.113E+00
 -0.912  0.135E+00
 -0.902  0.127E+00
 -0.892  0.120E+00
 -0.882  0.113E+00
 -0.872  0.106E+00
 -0.862  0.996E-01
 -0.852  0.932E-01
 -0.842  0.872E-01
 -0.832  0.810E-01
 -0.822  0.740E-01
 -0.812  0.664E-01
 -0.802  0.584E-01
 -0.792  0.496E-01
 -0.782  0.402E-01
 -0.772  0.174E-01
 -0.762  0.138E-01
 -0.752  0.103E-01
 -0.742  0.708E-02
 -0.732  0.400E-02
 -0.722  0.108E-02
 -0.712  0.000E+00
 -0.702  0.000E+00
 -0.692  0.000E+00
 -0.682  0.000E+00
 -0.672  0.000E+00
 -0.662  0.000E+00
 -0.652  0.000E+00
 -0.642  0.000E+00
 -0.632  0.000E+00
 -0.622  0.000E+00
 -0.612  0.000E+00
 -0.602  0.000E+00
 -0.592  0.000E+00
 -0.582  0.000E+00
 -0.572  0.000E+00
 -0.562  0.000E+00
 -0.552  0.000E+00
 -0.542  0.000E+00
 -0.532  0.000E+00
 -0.522  0.000E+00
 -0.512  0.000E+00
 -0.502  0.000E+00
 -0.492  0.000E+00
 -0.482  0.000E+00
 -0.472  0.000E+00
 -0.462  0.000E+00
 -0.452  0.000E+00
 -0.442  0.000E+00
 -0.432  0.000E+00
 -0.422  0.000E+00
 -0.412  0.656E-03
 -0.402  0.190E-02
 -0.392  0.336E-02
 -0.382  0.504E-02
 -0.372  0.694E-02
 -0.362  0.904E-02
 -0.352  0.114E-01
 -0.342  0.139E-01
 -0.332  0.167E-01
 -0.322  0.197E-01
 -0.312  0.228E-01
 -0.302  0.264E-01
 -0.292  0.300E-01
 -0.282  0.338E-01
 -0.272  0.378E-01
 -0.262  0.422E-01
 -0.252  0.296E-01
 -0.242  0.372E-01
 -0.232  0.446E-01
 -0.222  0.518E-01
 -0.212  0.590E-01
 -0.202  0.660E-01
 -0.192  0.730E-01
 -0.182  0.798E-01
 -0.172  0.864E-01
 -0.162  0.930E-01
 -0.152  0.998E-01
 -0.142  0.107E+00
 -0.132  0.113E+00
 -0.122  0.121E+00
 -0.112  0.130E+00
 -0.102  0.140E+00
 -0.092  0.152E+00
 -0.082  0.166E+00
 -0.072  0.181E+00
 -0.062  0.198E+00
 -0.052  0.216E+00
 -0.042  0.832E-01
 -0.032  0.810E-01
 -0.022  0.772E-01
 -0.012  0.738E-01
 -0.002  0.704E-01
  0.008  0.676E-01
  0.018  0.648E-01
  0.028  0.624E-01
  0.038  0.602E-01
  0.048  0.524E-01
  0.058  0.520E-01
  0.068  0.516E-01
  0.078  0.512E-01
  0.088  0.506E-01
  0.098  0.502E-01
  0.108  0.496E-01
  0.118  0.490E-01
  0.128  0.484E-01
  0.138  0.478E-01
  0.148  0.472E-01
  0.158  0.468E-01
  0.168  0.462E-01
  0.178  0.458E-01
  0.188  0.452E-01
  0.198  0.446E-01
  0.208  0.440E-01
  0.218  0.432E-01
  0.228  0.426E-01
  0.238  0.418E-01
  0.248  0.412E-01
  0.258  0.404E-01
  0.268  0.396E-01
  0.278  0.388E-01
  0.288  0.380E-01
  0.298  0.372E-01
  0.308  0.362E-01
  0.318  0.354E-01
  0.328  0.344E-01
  0.338  0.334E-01
  0.348  0.324E-01
  0.358  0.314E-01
  0.368  0.304E-01
  0.378  0.570E-01
  0.388  0.586E-01
  0.398  0.602E-01
  0.408  0.618E-01
  0.418  0.636E-01
  0.428  0.654E-01
  0.438  0.672E-01
  0.448  0.692E-01
  0.458  0.648E-01
  0.468  0.668E-01
  0.478  0.690E-01
  0.488  0.714E-01
  0.498  0.738E-01
  0.508  0.776E-01
  0.518  0.840E-01
  0.528  0.104E+00
  0.538  0.138E+00
  0.548  0.187E+00
  0.558  0.272E+00
  0.568  0.216E+00
  0.578  0.175E+00
  0.588  0.149E+00
  0.598  0.159E+00
  0.608  0.152E+00
  0.618  0.145E+00
  0.628  0.138E+00
  0.638  0.130E+00
  0.648  0.123E+00
  0.658  0.115E+00
  0.668  0.107E+00
  0.678  0.986E-01
  0.688  0.904E-01
  0.698  0.818E-01
  0.708  0.730E-01
  0.718  0.642E-01
  0.728  0.550E-01
  0.738  0.458E-01
  0.748  0.422E-01
  0.758  0.390E-01
  0.768  0.358E-01
  0.778  0.324E-01
  0.788  0.290E-01
  0.798  0.256E-01
  0.808  0.222E-01
  0.818  0.187E-01
  0.828  0.152E-01
  0.838  0.116E-01
  0.848  0.796E-02
  0.858  0.428E-02
  0.868  0.552E-03
  0.878  0.000E+00
  0.888  0.000E+00
  0.898  0.000E+00
  0.908  0.000E+00
  0.918  0.000E+00
  0.928  0.000E+00
  0.938  0.000E+00
  0.948  0.000E+00
  0.958  0.000E+00
  0.968  0.000E+00
  0.978  0.000E+00
  0.988  0.000E+00
  0.998  0.000E+00
  1.008  0.000E+00
  1.018  0.000E+00
  1.028  0.000E+00
  1.038  0.000E+00
  1.048  0.000E+00
  1.058  0.000E+00
  1.068  0.000E+00
  1.078  0.000E+00
  1.088  0.000E+00
  1.098  0.000E+00
  1.108  0.000E+00
  1.118  0.000E+00
  1.128  0.000E+00
  1.138  0.000E+00
  1.148  0.000E+00
  1.158  0.000E+00
  1.168  0.000E+00
  1.178  0.000E+00
  1.188  0.000E+00
  1.198  0.000E+00
  1.208  0.000E+00
  1.218  0.000E+00
  1.228  0.000E+00
  1.238  0.000E+00
  1.248  0.000E+00
  1.258  0.000E+00
  1.268  0.000E+00
  1.278  0.000E+00
  1.288  0.000E+00
  1.298  0.000E+00
  1.308  0.000E+00
  1.318  0.000E+00
  1.328  0.226E-05
  1.338  0.104E-04
  1.348  0.216E-04
  1.358  0.360E-04
  1.368  0.532E-04
  1.378  0.736E-04
  1.388  0.972E-04
  1.398  0.124E-03
  1.408  0.153E-03
  1.418  0.186E-03
  1.428  0.222E-03
  1.438  0.260E-03
  1.448  0.302E-03
  1.458  0.346E-03
  1.468  0.394E-03
  1.478  0.446E-03
  1.488  0.500E-03
  1.498  0.556E-03
  1.508  0.617E-03
  1.518  0.680E-03
  1.528  0.428E-03
  1.538  0.442E-03
  1.548  0.456E-03
  1.558  0.468E-03
  1.568  0.480E-03
  1.578  0.492E-03
  1.588  0.504E-03
  1.598  0.514E-03
  1.608  0.526E-03
  1.618  0.536E-03
  1.628  0.546E-03
  1.638  0.554E-03
  1.648  0.564E-03
  1.658  0.572E-03
  1.668  0.580E-03
  1.678  0.588E-03
  1.688  0.596E-03
  1.698  0.602E-03
  1.708  0.610E-03
  1.718  0.616E-03
  1.728  0.622E-03
  1.738  0.626E-03
  1.748  0.632E-03
  1.758  0.636E-03
  1.768  0.640E-03
  1.778  0.644E-03
  1.788  0.648E-03
  1.798  0.650E-03
  1.808  0.652E-03
  1.818  0.654E-03
  1.828  0.656E-03
  1.838  0.658E-03
  1.848  0.658E-03
  1.858  0.658E-03
  1.868  0.658E-03
  1.878  0.618E-03
  1.888  0.580E-03
  1.898  0.546E-03
  1.908  0.520E-03
  1.918  0.498E-03
  1.928  0.480E-03
  1.938  0.470E-03
  1.948  0.470E-03
  1.958  0.470E-03
  1.968  0.472E-03
  1.978  0.474E-03
  1.988  0.476E-03
  1.998  0.478E-03
  2.008  0.482E-03
  2.018  0.486E-03
  2.028  0.490E-03
  2.038  0.494E-03
  2.048  0.500E-03
  2.058  0.504E-03
  2.068  0.510E-03
  2.078  0.518E-03
  2.088  0.524E-03
  2.098  0.532E-03
  2.108  0.540E-03
  2.118  0.548E-03
  2.128  0.556E-03
  2.138  0.566E-03
  2.148  0.576E-03
  2.158  0.586E-03
  2.168  0.596E-03
  2.178  0.608E-03
  2.188  0.620E-03
  2.198  0.632E-03
  2.208  0.644E-03
  2.218  0.658E-03
  2.228  0.670E-03
  2.238  0.684E-03
  2.248  0.716E-03
  2.258  0.812E-03
  2.268  0.906E-03
  2.278  0.100E-02
  2.288  0.110E-02
  2.298  0.120E-02
  2.308  0.130E-02
  2.318  0.141E-02
  2.328  0.151E-02
  2.338  0.161E-02
  2.348  0.172E-02
  2.358  0.183E-02
  2.368  0.194E-02
  2.378  0.204E-02
  2.388  0.216E-02
  2.398  0.228E-02
  2.408  0.238E-02
  2.418  0.250E-02
  2.428  0.262E-02
  2.438  0.270E-02
  2.448  0.366E-02
  2.458  0.502E-02
  2.468  0.650E-02
  2.478  0.538E-02
  2.488  0.438E-02
  2.498  0.350E-02
  2.508  0.272E-02
  2.518  0.204E-02
  2.528  0.148E-02
  2.538  0.102E-02
  2.548  0.566E-03
  2.558  0.566E-03
  2.568  0.568E-03
  2.578  0.568E-03
  2.588  0.570E-03
  2.598  0.572E-03
  2.608  0.572E-03
  2.618  0.574E-03
  2.628  0.574E-03
  2.638  0.576E-03
  2.648  0.576E-03
  2.658  0.576E-03
  2.668  0.578E-03
  2.678  0.578E-03
  2.688  0.580E-03
  2.698  0.580E-03
  2.708  0.580E-03
  2.718  0.580E-03
  2.728  0.582E-03
  2.738  0.582E-03
  2.748  0.582E-03
  2.758  0.584E-03
  2.768  0.584E-03
  2.778  0.584E-03
  2.788  0.584E-03
  2.798  0.584E-03
  2.808  0.584E-03
  2.818  0.584E-03
  2.828  0.584E-03
  2.838  0.586E-03
  2.848  0.586E-03
  2.858  0.586E-03
  2.868  0.586E-03
  2.878  0.586E-03
  2.888  0.586E-03
  2.898  0.584E-03
  2.908  0.584E-03
  2.918  0.584E-03
  2.928  0.584E-03
  2.938  0.584E-03
  2.948  0.584E-03
  2.958  0.584E-03
  2.968  0.582E-03
  2.978  0.582E-03
  2.988  0.582E-03
  2.998  0.582E-03
  3.008  0.580E-03
  3.018  0.580E-03
  3.028  0.580E-03
  3.038  0.579E-03
  3.048  0.578E-03
  3.058  0.578E-03
  3.068  0.576E-03
  3.078  0.576E-03
  3.088  0.574E-03
  3.098  0.574E-03
  3.108  0.574E-03
  3.118  0.572E-03
  3.128  0.570E-03
  3.138  0.570E-03
  3.148  0.568E-03
  3.158  0.568E-03
  3.168  0.566E-03
  3.178  0.566E-03
  3.188  0.564E-03
  3.198  0.562E-03
  3.208  0.562E-03
  3.218  0.560E-03
  3.228  0.558E-03
  3.238  0.598E-03
  3.248  0.656E-03
  3.258  0.718E-03
  3.268  0.784E-03
  3.278  0.856E-03
  3.288  0.930E-03
  3.298  0.101E-02
  3.308  0.110E-02
  3.318  0.119E-02
  3.328  0.128E-02
  3.338  0.138E-02
  3.348  0.148E-02
  3.358  0.159E-02
  3.368  0.170E-02
  3.378  0.182E-02
  3.388  0.000E+00
