# E (eV) pdos(E) 
-31.382  0.000E+00
-31.372  0.488E-02
-31.362  0.506E-02
-31.352  0.462E-02
-31.342  0.536E-02
-31.332  0.823E-02
-31.322  0.173E-01
-31.312  0.292E-01
-31.302  0.144E-01
-31.292  0.105E-01
-31.282  0.166E-01
-31.272  0.103E-01
-31.262  0.000E+00
-31.252  0.396E-02
-31.242  0.444E-02
-31.232  0.142E-01
-31.222  0.570E-02
-31.212  0.854E-02
-31.202  0.101E-01
-31.192  0.308E-02
-31.182  0.372E-02
-31.172  0.358E-02
-31.162  0.304E-02
-31.152  0.892E-01
-31.142  0.000E+00
-31.132  0.000E+00
-31.122  0.000E+00
-31.112  0.000E+00
-31.102  0.000E+00
-31.092  0.000E+00
-31.082  0.000E+00
-31.072  0.000E+00
-31.062  0.000E+00
-31.052  0.000E+00
-31.042  0.000E+00
-31.032  0.000E+00
-31.022  0.000E+00
-31.012  0.000E+00
-31.002  0.000E+00
-30.992  0.000E+00
-30.982  0.000E+00
-30.972  0.000E+00
-30.962  0.000E+00
-30.952  0.000E+00
-30.942  0.000E+00
-30.932  0.000E+00
-30.922  0.000E+00
-30.912  0.000E+00
-30.902  0.000E+00
-30.892  0.000E+00
-30.882  0.000E+00
-30.872  0.000E+00
-30.862  0.000E+00
-30.852  0.000E+00
-30.842  0.000E+00
-30.832  0.000E+00
-30.822  0.000E+00
-30.812  0.000E+00
-30.802  0.000E+00
-30.792  0.000E+00
-30.782  0.000E+00
-30.772  0.000E+00
-30.762  0.000E+00
-30.752  0.000E+00
-30.742  0.000E+00
-30.732  0.000E+00
-30.722  0.000E+00
-30.712  0.000E+00
-30.702  0.000E+00
-30.692  0.000E+00
-30.682  0.000E+00
-30.672  0.000E+00
-30.662  0.000E+00
-30.652  0.000E+00
-30.642  0.000E+00
-30.632  0.000E+00
-30.622  0.000E+00
-30.612  0.000E+00
-30.602  0.000E+00
-30.592  0.000E+00
-30.582  0.000E+00
-30.572  0.000E+00
-30.562  0.000E+00
-30.552  0.000E+00
-30.542  0.000E+00
-30.532  0.000E+00
-30.522  0.000E+00
-30.512  0.000E+00
-30.502  0.000E+00
-30.492  0.000E+00
-30.482  0.000E+00
-30.472  0.000E+00
-30.462  0.000E+00
-30.452  0.000E+00
-30.442  0.000E+00
-30.432  0.000E+00
-30.422  0.000E+00
-30.412  0.000E+00
-30.402  0.000E+00
-30.392  0.000E+00
-30.382  0.000E+00
-30.372  0.000E+00
-30.362  0.000E+00
-30.352  0.000E+00
-30.342  0.000E+00
-30.332  0.000E+00
-30.322  0.000E+00
-30.312  0.000E+00
-30.302  0.000E+00
-30.292  0.000E+00
-30.282  0.000E+00
-30.272  0.000E+00
-30.262  0.000E+00
-30.252  0.000E+00
-30.242  0.000E+00
-30.232  0.000E+00
-30.222  0.000E+00
-30.212  0.000E+00
-30.202  0.000E+00
-30.192  0.000E+00
-30.182  0.000E+00
-30.172  0.000E+00
-30.162  0.000E+00
-30.152  0.000E+00
-30.142  0.000E+00
-30.132  0.000E+00
-30.122  0.000E+00
-30.112  0.000E+00
-30.102  0.000E+00
-30.092  0.000E+00
-30.082  0.000E+00
-30.072  0.000E+00
-30.062  0.000E+00
-30.052  0.000E+00
-30.042  0.000E+00
-30.032  0.000E+00
-30.022  0.000E+00
-30.012  0.000E+00
-30.002  0.000E+00
-29.992  0.000E+00
-29.982  0.000E+00
-29.972  0.000E+00
-29.962  0.000E+00
-29.952  0.000E+00
-29.942  0.000E+00
-29.932  0.000E+00
-29.922  0.000E+00
-29.912  0.000E+00
-29.902  0.000E+00
-29.892  0.000E+00
-29.882  0.000E+00
-29.872  0.000E+00
-29.862  0.000E+00
-29.852  0.000E+00
-29.842  0.000E+00
-29.832  0.000E+00
-29.822  0.000E+00
-29.812  0.000E+00
-29.802  0.000E+00
-29.792  0.000E+00
-29.782  0.000E+00
-29.772  0.000E+00
-29.762  0.000E+00
-29.752  0.000E+00
-29.742  0.000E+00
-29.732  0.000E+00
-29.722  0.000E+00
-29.712  0.000E+00
-29.702  0.000E+00
-29.692  0.000E+00
-29.682  0.000E+00
-29.672  0.000E+00
-29.662  0.000E+00
-29.652  0.000E+00
-29.642  0.000E+00
-29.632  0.000E+00
-29.622  0.000E+00
-29.612  0.000E+00
-29.602  0.000E+00
-29.592  0.000E+00
-29.582  0.000E+00
-29.572  0.000E+00
-29.562  0.000E+00
-29.552  0.000E+00
-29.542  0.000E+00
-29.532  0.000E+00
-29.522  0.000E+00
-29.512  0.000E+00
-29.502  0.000E+00
-29.492  0.000E+00
-29.482  0.000E+00
-29.472  0.000E+00
-29.462  0.000E+00
-29.452  0.000E+00
-29.442  0.000E+00
-29.432  0.000E+00
-29.422  0.000E+00
-29.412  0.000E+00
-29.402  0.000E+00
-29.392  0.000E+00
-29.382  0.000E+00
-29.372  0.000E+00
-29.362  0.000E+00
-29.352  0.000E+00
-29.342  0.000E+00
-29.332  0.000E+00
-29.322  0.000E+00
-29.312  0.000E+00
-29.302  0.000E+00
-29.292  0.000E+00
-29.282  0.000E+00
-29.272  0.000E+00
-29.262  0.000E+00
-29.252  0.000E+00
-29.242  0.000E+00
-29.232  0.000E+00
-29.222  0.000E+00
-29.212  0.000E+00
-29.202  0.000E+00
-29.192  0.000E+00
-29.182  0.000E+00
-29.172  0.000E+00
-29.162  0.000E+00
-29.152  0.000E+00
-29.142  0.000E+00
-29.132  0.000E+00
-29.122  0.000E+00
-29.112  0.000E+00
-29.102  0.000E+00
-29.092  0.000E+00
-29.082  0.000E+00
-29.072  0.000E+00
-29.062  0.000E+00
-29.052  0.000E+00
-29.042  0.000E+00
-29.032  0.000E+00
-29.022  0.000E+00
-29.012  0.000E+00
-29.002  0.000E+00
-28.992  0.000E+00
-28.982  0.000E+00
-28.972  0.000E+00
-28.962  0.000E+00
-28.952  0.000E+00
-28.942  0.000E+00
-28.932  0.000E+00
-28.922  0.000E+00
-28.912  0.000E+00
-28.902  0.000E+00
-28.892  0.000E+00
-28.882  0.000E+00
-28.872  0.000E+00
-28.862  0.000E+00
-28.852  0.000E+00
-28.842  0.000E+00
-28.832  0.000E+00
-28.822  0.000E+00
-28.812  0.000E+00
-28.802  0.000E+00
-28.792  0.000E+00
-28.782  0.000E+00
-28.772  0.000E+00
-28.762  0.000E+00
-28.752  0.000E+00
-28.742  0.000E+00
-28.732  0.000E+00
-28.722  0.000E+00
-28.712  0.000E+00
-28.702  0.000E+00
-28.692  0.000E+00
-28.682  0.000E+00
-28.672  0.000E+00
-28.662  0.000E+00
-28.652  0.000E+00
-28.642  0.000E+00
-28.632  0.000E+00
-28.622  0.000E+00
-28.612  0.000E+00
-28.602  0.000E+00
-28.592  0.000E+00
-28.582  0.000E+00
-28.572  0.000E+00
-28.562  0.000E+00
-28.552  0.000E+00
-28.542  0.000E+00
-28.532  0.000E+00
-28.522  0.000E+00
-28.512  0.000E+00
-28.502  0.000E+00
-28.492  0.000E+00
-28.482  0.000E+00
-28.472  0.000E+00
-28.462  0.000E+00
-28.452  0.000E+00
-28.442  0.000E+00
-28.432  0.000E+00
-28.422  0.000E+00
-28.412  0.000E+00
-28.402  0.000E+00
-28.392  0.000E+00
-28.382  0.000E+00
-28.372  0.000E+00
-28.362  0.000E+00
-28.352  0.000E+00
-28.342  0.000E+00
-28.332  0.000E+00
-28.322  0.000E+00
-28.312  0.000E+00
-28.302  0.000E+00
-28.292  0.000E+00
-28.282  0.000E+00
-28.272  0.000E+00
-28.262  0.000E+00
-28.252  0.000E+00
-28.242  0.000E+00
-28.232  0.000E+00
-28.222  0.000E+00
-28.212  0.000E+00
-28.202  0.000E+00
-28.192  0.000E+00
-28.182  0.000E+00
-28.172  0.000E+00
-28.162  0.000E+00
-28.152  0.000E+00
-28.142  0.000E+00
-28.132  0.000E+00
-28.122  0.000E+00
-28.112  0.000E+00
-28.102  0.000E+00
-28.092  0.000E+00
-28.082  0.000E+00
-28.072  0.000E+00
-28.062  0.000E+00
-28.052  0.000E+00
-28.042  0.000E+00
-28.032  0.000E+00
-28.022  0.000E+00
-28.012  0.000E+00
-28.002  0.000E+00
-27.992  0.000E+00
-27.982  0.000E+00
-27.972  0.000E+00
-27.962  0.000E+00
-27.952  0.000E+00
-27.942  0.000E+00
-27.932  0.000E+00
-27.922  0.000E+00
-27.912  0.000E+00
-27.902  0.000E+00
-27.892  0.000E+00
-27.882  0.000E+00
-27.872  0.000E+00
-27.862  0.000E+00
-27.852  0.000E+00
-27.842  0.000E+00
-27.832  0.000E+00
-27.822  0.000E+00
-27.812  0.000E+00
-27.802  0.000E+00
-27.792  0.000E+00
-27.782  0.000E+00
-27.772  0.000E+00
-27.762  0.000E+00
-27.752  0.000E+00
-27.742  0.000E+00
-27.732  0.000E+00
-27.722  0.000E+00
-27.712  0.000E+00
-27.702  0.000E+00
-27.692  0.000E+00
-27.682  0.000E+00
-27.672  0.000E+00
-27.662  0.000E+00
-27.652  0.000E+00
-27.642  0.000E+00
-27.632  0.000E+00
-27.622  0.000E+00
-27.612  0.000E+00
-27.602  0.000E+00
-27.592  0.000E+00
-27.582  0.000E+00
-27.572  0.000E+00
-27.562  0.000E+00
-27.552  0.000E+00
-27.542  0.000E+00
-27.532  0.000E+00
-27.522  0.000E+00
-27.512  0.000E+00
-27.502  0.000E+00
-27.492  0.000E+00
-27.482  0.000E+00
-27.472  0.000E+00
-27.462  0.000E+00
-27.452  0.000E+00
-27.442  0.000E+00
-27.432  0.000E+00
-27.422  0.000E+00
-27.412  0.000E+00
-27.402  0.000E+00
-27.392  0.000E+00
-27.382  0.000E+00
-27.372  0.000E+00
-27.362  0.000E+00
-27.352  0.000E+00
-27.342  0.000E+00
-27.332  0.000E+00
-27.322  0.000E+00
-27.312  0.000E+00
-27.302  0.000E+00
-27.292  0.000E+00
-27.282  0.000E+00
-27.272  0.000E+00
-27.262  0.000E+00
-27.252  0.000E+00
-27.242  0.000E+00
-27.232  0.000E+00
-27.222  0.000E+00
-27.212  0.000E+00
-27.202  0.000E+00
-27.192  0.000E+00
-27.182  0.000E+00
-27.172  0.000E+00
-27.162  0.000E+00
-27.152  0.000E+00
-27.142  0.000E+00
-27.132  0.000E+00
-27.122  0.000E+00
-27.112  0.000E+00
-27.102  0.000E+00
-27.092  0.000E+00
-27.082  0.000E+00
-27.072  0.000E+00
-27.062  0.000E+00
-27.052  0.000E+00
-27.042  0.000E+00
-27.032  0.000E+00
-27.022  0.000E+00
-27.012  0.000E+00
-27.002  0.000E+00
-26.992  0.000E+00
-26.982  0.000E+00
-26.972  0.000E+00
-26.962  0.000E+00
-26.952  0.000E+00
-26.942  0.000E+00
-26.932  0.000E+00
-26.922  0.000E+00
-26.912  0.000E+00
-26.902  0.000E+00
-26.892  0.000E+00
-26.882  0.000E+00
-26.872  0.000E+00
-26.862  0.000E+00
-26.852  0.000E+00
-26.842  0.000E+00
-26.832  0.000E+00
-26.822  0.000E+00
-26.812  0.000E+00
-26.802  0.000E+00
-26.792  0.000E+00
-26.782  0.000E+00
-26.772  0.000E+00
-26.762  0.000E+00
-26.752  0.000E+00
-26.742  0.000E+00
-26.732  0.000E+00
-26.722  0.000E+00
-26.712  0.000E+00
-26.702  0.000E+00
-26.692  0.000E+00
-26.682  0.000E+00
-26.672  0.000E+00
-26.662  0.000E+00
-26.652  0.000E+00
-26.642  0.000E+00
-26.632  0.000E+00
-26.622  0.000E+00
-26.612  0.000E+00
-26.602  0.000E+00
-26.592  0.000E+00
-26.582  0.000E+00
-26.572  0.000E+00
-26.562  0.000E+00
-26.552  0.000E+00
-26.542  0.000E+00
-26.532  0.000E+00
-26.522  0.000E+00
-26.512  0.000E+00
-26.502  0.000E+00
-26.492  0.000E+00
-26.482  0.000E+00
-26.472  0.000E+00
-26.462  0.000E+00
-26.452  0.000E+00
-26.442  0.000E+00
-26.432  0.000E+00
-26.422  0.000E+00
-26.412  0.000E+00
-26.402  0.000E+00
-26.392  0.000E+00
-26.382  0.000E+00
-26.372  0.000E+00
-26.362  0.000E+00
-26.352  0.000E+00
-26.342  0.000E+00
-26.332  0.000E+00
-26.322  0.000E+00
-26.312  0.000E+00
-26.302  0.000E+00
-26.292  0.000E+00
-26.282  0.000E+00
-26.272  0.000E+00
-26.262  0.000E+00
-26.252  0.000E+00
-26.242  0.000E+00
-26.232  0.000E+00
-26.222  0.000E+00
-26.212  0.000E+00
-26.202  0.000E+00
-26.192  0.000E+00
-26.182  0.000E+00
-26.172  0.000E+00
-26.162  0.000E+00
-26.152  0.000E+00
-26.142  0.000E+00
-26.132  0.000E+00
-26.122  0.000E+00
-26.112  0.000E+00
-26.102  0.000E+00
-26.092  0.000E+00
-26.082  0.000E+00
-26.072  0.000E+00
-26.062  0.000E+00
-26.052  0.000E+00
-26.042  0.000E+00
-26.032  0.000E+00
-26.022  0.000E+00
-26.012  0.000E+00
-26.002  0.000E+00
-25.992  0.000E+00
-25.982  0.000E+00
-25.972  0.000E+00
-25.962  0.000E+00
-25.952  0.000E+00
-25.942  0.000E+00
-25.932  0.000E+00
-25.922  0.000E+00
-25.912  0.000E+00
-25.902  0.000E+00
-25.892  0.000E+00
-25.882  0.000E+00
-25.872  0.000E+00
-25.862  0.000E+00
-25.852  0.000E+00
-25.842  0.000E+00
-25.832  0.000E+00
-25.822  0.000E+00
-25.812  0.000E+00
-25.802  0.000E+00
-25.792  0.000E+00
-25.782  0.000E+00
-25.772  0.000E+00
-25.762  0.000E+00
-25.752  0.000E+00
-25.742  0.000E+00
-25.732  0.000E+00
-25.722  0.000E+00
-25.712  0.000E+00
-25.702  0.000E+00
-25.692  0.000E+00
-25.682  0.000E+00
-25.672  0.000E+00
-25.662  0.000E+00
-25.652  0.000E+00
-25.642  0.000E+00
-25.632  0.000E+00
-25.622  0.000E+00
-25.612  0.000E+00
-25.602  0.000E+00
-25.592  0.000E+00
-25.582  0.000E+00
-25.572  0.000E+00
-25.562  0.000E+00
-25.552  0.000E+00
-25.542  0.000E+00
-25.532  0.000E+00
-25.522  0.000E+00
-25.512  0.000E+00
-25.502  0.000E+00
-25.492  0.000E+00
-25.482  0.000E+00
-25.472  0.000E+00
-25.462  0.000E+00
-25.452  0.000E+00
-25.442  0.000E+00
-25.432  0.000E+00
-25.422  0.000E+00
-25.412  0.000E+00
-25.402  0.000E+00
-25.392  0.000E+00
-25.382  0.000E+00
-25.372  0.000E+00
-25.362  0.000E+00
-25.352  0.000E+00
-25.342  0.000E+00
-25.332  0.000E+00
-25.322  0.000E+00
-25.312  0.000E+00
-25.302  0.000E+00
-25.292  0.000E+00
-25.282  0.000E+00
-25.272  0.000E+00
-25.262  0.000E+00
-25.252  0.000E+00
-25.242  0.000E+00
-25.232  0.000E+00
-25.222  0.000E+00
-25.212  0.000E+00
-25.202  0.000E+00
-25.192  0.000E+00
-25.182  0.000E+00
-25.172  0.000E+00
-25.162  0.000E+00
-25.152  0.000E+00
-25.142  0.000E+00
-25.132  0.000E+00
-25.122  0.000E+00
-25.112  0.000E+00
-25.102  0.000E+00
-25.092  0.000E+00
-25.082  0.000E+00
-25.072  0.000E+00
-25.062  0.000E+00
-25.052  0.000E+00
-25.042  0.000E+00
-25.032  0.000E+00
-25.022  0.000E+00
-25.012  0.000E+00
-25.002  0.000E+00
-24.992  0.000E+00
-24.982  0.000E+00
-24.972  0.000E+00
-24.962  0.000E+00
-24.952  0.000E+00
-24.942  0.000E+00
-24.932  0.000E+00
-24.922  0.000E+00
-24.912  0.000E+00
-24.902  0.000E+00
-24.892  0.000E+00
-24.882  0.000E+00
-24.872  0.000E+00
-24.862  0.000E+00
-24.852  0.000E+00
-24.842  0.000E+00
-24.832  0.000E+00
-24.822  0.000E+00
-24.812  0.000E+00
-24.802  0.000E+00
-24.792  0.000E+00
-24.782  0.000E+00
-24.772  0.000E+00
-24.762  0.000E+00
-24.752  0.000E+00
-24.742  0.000E+00
-24.732  0.000E+00
-24.722  0.000E+00
-24.712  0.000E+00
-24.702  0.000E+00
-24.692  0.000E+00
-24.682  0.000E+00
-24.672  0.000E+00
-24.662  0.000E+00
-24.652  0.000E+00
-24.642  0.000E+00
-24.632  0.000E+00
-24.622  0.000E+00
-24.612  0.000E+00
-24.602  0.000E+00
-24.592  0.000E+00
-24.582  0.000E+00
-24.572  0.000E+00
-24.562  0.000E+00
-24.552  0.000E+00
-24.542  0.000E+00
-24.532  0.000E+00
-24.522  0.000E+00
-24.512  0.000E+00
-24.502  0.000E+00
-24.492  0.000E+00
-24.482  0.000E+00
-24.472  0.000E+00
-24.462  0.000E+00
-24.452  0.000E+00
-24.442  0.000E+00
-24.432  0.000E+00
-24.422  0.000E+00
-24.412  0.000E+00
-24.402  0.000E+00
-24.392  0.000E+00
-24.382  0.000E+00
-24.372  0.000E+00
-24.362  0.000E+00
-24.352  0.000E+00
-24.342  0.000E+00
-24.332  0.000E+00
-24.322  0.000E+00
-24.312  0.000E+00
-24.302  0.000E+00
-24.292  0.000E+00
-24.282  0.000E+00
-24.272  0.000E+00
-24.262  0.000E+00
-24.252  0.000E+00
-24.242  0.000E+00
-24.232  0.000E+00
-24.222  0.000E+00
-24.212  0.000E+00
-24.202  0.000E+00
-24.192  0.000E+00
-24.182  0.000E+00
-24.172  0.000E+00
-24.162  0.000E+00
-24.152  0.000E+00
-24.142  0.000E+00
-24.132  0.000E+00
-24.122  0.000E+00
-24.112  0.000E+00
-24.102  0.000E+00
-24.092  0.000E+00
-24.082  0.000E+00
-24.072  0.000E+00
-24.062  0.000E+00
-24.052  0.000E+00
-24.042  0.000E+00
-24.032  0.000E+00
-24.022  0.000E+00
-24.012  0.000E+00
-24.002  0.000E+00
-23.992  0.000E+00
-23.982  0.000E+00
-23.972  0.000E+00
-23.962  0.000E+00
-23.952  0.000E+00
-23.942  0.000E+00
-23.932  0.000E+00
-23.922  0.000E+00
-23.912  0.000E+00
-23.902  0.000E+00
-23.892  0.000E+00
-23.882  0.000E+00
-23.872  0.000E+00
-23.862  0.000E+00
-23.852  0.000E+00
-23.842  0.000E+00
-23.832  0.000E+00
-23.822  0.000E+00
-23.812  0.000E+00
-23.802  0.000E+00
-23.792  0.000E+00
-23.782  0.000E+00
-23.772  0.000E+00
-23.762  0.000E+00
-23.752  0.000E+00
-23.742  0.000E+00
-23.732  0.000E+00
-23.722  0.000E+00
-23.712  0.000E+00
-23.702  0.000E+00
-23.692  0.000E+00
-23.682  0.000E+00
-23.672  0.000E+00
-23.662  0.000E+00
-23.652  0.000E+00
-23.642  0.000E+00
-23.632  0.000E+00
-23.622  0.000E+00
-23.612  0.000E+00
-23.602  0.000E+00
-23.592  0.000E+00
-23.582  0.000E+00
-23.572  0.000E+00
-23.562  0.000E+00
-23.552  0.000E+00
-23.542  0.000E+00
-23.532  0.000E+00
-23.522  0.000E+00
-23.512  0.000E+00
-23.502  0.000E+00
-23.492  0.000E+00
-23.482  0.000E+00
-23.472  0.000E+00
-23.462  0.000E+00
-23.452  0.000E+00
-23.442  0.000E+00
-23.432  0.000E+00
-23.422  0.000E+00
-23.412  0.000E+00
-23.402  0.000E+00
-23.392  0.000E+00
-23.382  0.000E+00
-23.372  0.000E+00
-23.362  0.000E+00
-23.352  0.000E+00
-23.342  0.000E+00
-23.332  0.000E+00
-23.322  0.000E+00
-23.312  0.000E+00
-23.302  0.000E+00
-23.292  0.000E+00
-23.282  0.000E+00
-23.272  0.000E+00
-23.262  0.000E+00
-23.252  0.000E+00
-23.242  0.000E+00
-23.232  0.000E+00
-23.222  0.000E+00
-23.212  0.000E+00
-23.202  0.000E+00
-23.192  0.000E+00
-23.182  0.000E+00
-23.172  0.000E+00
-23.162  0.000E+00
-23.152  0.000E+00
-23.142  0.000E+00
-23.132  0.000E+00
-23.122  0.000E+00
-23.112  0.000E+00
-23.102  0.000E+00
-23.092  0.000E+00
-23.082  0.000E+00
-23.072  0.000E+00
-23.062  0.000E+00
-23.052  0.000E+00
-23.042  0.000E+00
-23.032  0.000E+00
-23.022  0.000E+00
-23.012  0.000E+00
-23.002  0.000E+00
-22.992  0.000E+00
-22.982  0.000E+00
-22.972  0.000E+00
-22.962  0.000E+00
-22.952  0.000E+00
-22.942  0.000E+00
-22.932  0.000E+00
-22.922  0.000E+00
-22.912  0.000E+00
-22.902  0.000E+00
-22.892  0.000E+00
-22.882  0.000E+00
-22.872  0.000E+00
-22.862  0.000E+00
-22.852  0.000E+00
-22.842  0.000E+00
-22.832  0.000E+00
-22.822  0.000E+00
-22.812  0.000E+00
-22.802  0.000E+00
-22.792  0.000E+00
-22.782  0.000E+00
-22.772  0.000E+00
-22.762  0.000E+00
-22.752  0.000E+00
-22.742  0.000E+00
-22.732  0.000E+00
-22.722  0.000E+00
-22.712  0.000E+00
-22.702  0.000E+00
-22.692  0.000E+00
-22.682  0.000E+00
-22.672  0.000E+00
-22.662  0.000E+00
-22.652  0.000E+00
-22.642  0.000E+00
-22.632  0.000E+00
-22.622  0.000E+00
-22.612  0.000E+00
-22.602  0.000E+00
-22.592  0.000E+00
-22.582  0.000E+00
-22.572  0.000E+00
-22.562  0.000E+00
-22.552  0.000E+00
-22.542  0.000E+00
-22.532  0.000E+00
-22.522  0.000E+00
-22.512  0.000E+00
-22.502  0.000E+00
-22.492  0.000E+00
-22.482  0.000E+00
-22.472  0.000E+00
-22.462  0.000E+00
-22.452  0.000E+00
-22.442  0.000E+00
-22.432  0.000E+00
-22.422  0.000E+00
-22.412  0.000E+00
-22.402  0.000E+00
-22.392  0.000E+00
-22.382  0.000E+00
-22.372  0.000E+00
-22.362  0.000E+00
-22.352  0.000E+00
-22.342  0.000E+00
-22.332  0.000E+00
-22.322  0.000E+00
-22.312  0.000E+00
-22.302  0.000E+00
-22.292  0.000E+00
-22.282  0.000E+00
-22.272  0.000E+00
-22.262  0.000E+00
-22.252  0.000E+00
-22.242  0.000E+00
-22.232  0.000E+00
-22.222  0.000E+00
-22.212  0.000E+00
-22.202  0.000E+00
-22.192  0.000E+00
-22.182  0.000E+00
-22.172  0.000E+00
-22.162  0.000E+00
-22.152  0.000E+00
-22.142  0.000E+00
-22.132  0.000E+00
-22.122  0.000E+00
-22.112  0.000E+00
-22.102  0.000E+00
-22.092  0.000E+00
-22.082  0.000E+00
-22.072  0.000E+00
-22.062  0.000E+00
-22.052  0.000E+00
-22.042  0.000E+00
-22.032  0.000E+00
-22.022  0.000E+00
-22.012  0.000E+00
-22.002  0.000E+00
-21.992  0.000E+00
-21.982  0.000E+00
-21.972  0.000E+00
-21.962  0.000E+00
-21.952  0.000E+00
-21.942  0.000E+00
-21.932  0.000E+00
-21.922  0.000E+00
-21.912  0.000E+00
-21.902  0.000E+00
-21.892  0.000E+00
-21.882  0.000E+00
-21.872  0.000E+00
-21.862  0.000E+00
-21.852  0.000E+00
-21.842  0.000E+00
-21.832  0.000E+00
-21.822  0.000E+00
-21.812  0.000E+00
-21.802  0.000E+00
-21.792  0.000E+00
-21.782  0.000E+00
-21.772  0.000E+00
-21.762  0.000E+00
-21.752  0.000E+00
-21.742  0.000E+00
-21.732  0.000E+00
-21.722  0.000E+00
-21.712  0.000E+00
-21.702  0.000E+00
-21.692  0.000E+00
-21.682  0.000E+00
-21.672  0.000E+00
-21.662  0.000E+00
-21.652  0.000E+00
-21.642  0.000E+00
-21.632  0.000E+00
-21.622  0.000E+00
-21.612  0.000E+00
-21.602  0.000E+00
-21.592  0.000E+00
-21.582  0.000E+00
-21.572  0.000E+00
-21.562  0.000E+00
-21.552  0.000E+00
-21.542  0.000E+00
-21.532  0.000E+00
-21.522  0.000E+00
-21.512  0.000E+00
-21.502  0.000E+00
-21.492  0.000E+00
-21.482  0.000E+00
-21.472  0.000E+00
-21.462  0.000E+00
-21.452  0.000E+00
-21.442  0.000E+00
-21.432  0.000E+00
-21.422  0.000E+00
-21.412  0.000E+00
-21.402  0.000E+00
-21.392  0.000E+00
-21.382  0.000E+00
-21.372  0.000E+00
-21.362  0.000E+00
-21.352  0.000E+00
-21.342  0.000E+00
-21.332  0.000E+00
-21.322  0.000E+00
-21.312  0.000E+00
-21.302  0.000E+00
-21.292  0.000E+00
-21.282  0.000E+00
-21.272  0.000E+00
-21.262  0.000E+00
-21.252  0.000E+00
-21.242  0.000E+00
-21.232  0.000E+00
-21.222  0.000E+00
-21.212  0.000E+00
-21.202  0.000E+00
-21.192  0.000E+00
-21.182  0.000E+00
-21.172  0.000E+00
-21.162  0.000E+00
-21.152  0.000E+00
-21.142  0.000E+00
-21.132  0.000E+00
-21.122  0.000E+00
-21.112  0.000E+00
-21.102  0.000E+00
-21.092  0.000E+00
-21.082  0.000E+00
-21.072  0.000E+00
-21.062  0.000E+00
-21.052  0.000E+00
-21.042  0.000E+00
-21.032  0.000E+00
-21.022  0.000E+00
-21.012  0.000E+00
-21.002  0.000E+00
-20.992  0.000E+00
-20.982  0.000E+00
-20.972  0.000E+00
-20.962  0.000E+00
-20.952  0.000E+00
-20.942  0.000E+00
-20.932  0.000E+00
-20.922  0.000E+00
-20.912  0.000E+00
-20.902  0.000E+00
-20.892  0.000E+00
-20.882  0.000E+00
-20.872  0.000E+00
-20.862  0.000E+00
-20.852  0.000E+00
-20.842  0.000E+00
-20.832  0.000E+00
-20.822  0.000E+00
-20.812  0.000E+00
-20.802  0.000E+00
-20.792  0.000E+00
-20.782  0.000E+00
-20.772  0.000E+00
-20.762  0.000E+00
-20.752  0.000E+00
-20.742  0.000E+00
-20.732  0.000E+00
-20.722  0.000E+00
-20.712  0.000E+00
-20.702  0.000E+00
-20.692  0.000E+00
-20.682  0.000E+00
-20.672  0.000E+00
-20.662  0.000E+00
-20.652  0.000E+00
-20.642  0.000E+00
-20.632  0.000E+00
-20.622  0.000E+00
-20.612  0.000E+00
-20.602  0.000E+00
-20.592  0.000E+00
-20.582  0.000E+00
-20.572  0.000E+00
-20.562  0.000E+00
-20.552  0.000E+00
-20.542  0.000E+00
-20.532  0.000E+00
-20.522  0.000E+00
-20.512  0.000E+00
-20.502  0.000E+00
-20.492  0.000E+00
-20.482  0.000E+00
-20.472  0.000E+00
-20.462  0.000E+00
-20.452  0.000E+00
-20.442  0.000E+00
-20.432  0.000E+00
-20.422  0.000E+00
-20.412  0.000E+00
-20.402  0.000E+00
-20.392  0.000E+00
-20.382  0.000E+00
-20.372  0.000E+00
-20.362  0.000E+00
-20.352  0.000E+00
-20.342  0.000E+00
-20.332  0.000E+00
-20.322  0.000E+00
-20.312  0.000E+00
-20.302  0.000E+00
-20.292  0.000E+00
-20.282  0.000E+00
-20.272  0.000E+00
-20.262  0.000E+00
-20.252  0.000E+00
-20.242  0.000E+00
-20.232  0.000E+00
-20.222  0.000E+00
-20.212  0.000E+00
-20.202  0.000E+00
-20.192  0.000E+00
-20.182  0.000E+00
-20.172  0.000E+00
-20.162  0.000E+00
-20.152  0.000E+00
-20.142  0.000E+00
-20.132  0.000E+00
-20.122  0.000E+00
-20.112  0.000E+00
-20.102  0.000E+00
-20.092  0.000E+00
-20.082  0.000E+00
-20.072  0.000E+00
-20.062  0.000E+00
-20.052  0.000E+00
-20.042  0.000E+00
-20.032  0.000E+00
-20.022  0.000E+00
-20.012  0.000E+00
-20.002  0.000E+00
-19.992  0.000E+00
-19.982  0.000E+00
-19.972  0.000E+00
-19.962  0.000E+00
-19.952  0.000E+00
-19.942  0.000E+00
-19.932  0.000E+00
-19.922  0.000E+00
-19.912  0.000E+00
-19.902  0.000E+00
-19.892  0.000E+00
-19.882  0.000E+00
-19.872  0.000E+00
-19.862  0.000E+00
-19.852  0.000E+00
-19.842  0.000E+00
-19.832  0.000E+00
-19.822  0.000E+00
-19.812  0.000E+00
-19.802  0.000E+00
-19.792  0.000E+00
-19.782  0.000E+00
-19.772  0.000E+00
-19.762  0.000E+00
-19.752  0.000E+00
-19.742  0.000E+00
-19.732  0.000E+00
-19.722  0.000E+00
-19.712  0.000E+00
-19.702  0.000E+00
-19.692  0.000E+00
-19.682  0.000E+00
-19.672  0.000E+00
-19.662  0.000E+00
-19.652  0.000E+00
-19.642  0.000E+00
-19.632  0.000E+00
-19.622  0.000E+00
-19.612  0.000E+00
-19.602  0.000E+00
-19.592  0.000E+00
-19.582  0.000E+00
-19.572  0.000E+00
-19.562  0.000E+00
-19.552  0.000E+00
-19.542  0.000E+00
-19.532  0.000E+00
-19.522  0.000E+00
-19.512  0.000E+00
-19.502  0.000E+00
-19.492  0.000E+00
-19.482  0.000E+00
-19.472  0.000E+00
-19.462  0.000E+00
-19.452  0.000E+00
-19.442  0.000E+00
-19.432  0.000E+00
-19.422  0.000E+00
-19.412  0.000E+00
-19.402  0.000E+00
-19.392  0.000E+00
-19.382  0.000E+00
-19.372  0.000E+00
-19.362  0.000E+00
-19.352  0.000E+00
-19.342  0.000E+00
-19.332  0.000E+00
-19.322  0.000E+00
-19.312  0.000E+00
-19.302  0.000E+00
-19.292  0.000E+00
-19.282  0.000E+00
-19.272  0.000E+00
-19.262  0.000E+00
-19.252  0.000E+00
-19.242  0.000E+00
-19.232  0.000E+00
-19.222  0.000E+00
-19.212  0.000E+00
-19.202  0.000E+00
-19.192  0.000E+00
-19.182  0.000E+00
-19.172  0.000E+00
-19.162  0.000E+00
-19.152  0.000E+00
-19.142  0.000E+00
-19.132  0.000E+00
-19.122  0.000E+00
-19.112  0.000E+00
-19.102  0.000E+00
-19.092  0.000E+00
-19.082  0.000E+00
-19.072  0.000E+00
-19.062  0.000E+00
-19.052  0.000E+00
-19.042  0.000E+00
-19.032  0.000E+00
-19.022  0.000E+00
-19.012  0.000E+00
-19.002  0.000E+00
-18.992  0.000E+00
-18.982  0.000E+00
-18.972  0.000E+00
-18.962  0.000E+00
-18.952  0.000E+00
-18.942  0.000E+00
-18.932  0.000E+00
-18.922  0.000E+00
-18.912  0.000E+00
-18.902  0.000E+00
-18.892  0.000E+00
-18.882  0.000E+00
-18.872  0.000E+00
-18.862  0.000E+00
-18.852  0.000E+00
-18.842  0.000E+00
-18.832  0.000E+00
-18.822  0.000E+00
-18.812  0.000E+00
-18.802  0.000E+00
-18.792  0.000E+00
-18.782  0.000E+00
-18.772  0.000E+00
-18.762  0.000E+00
-18.752  0.000E+00
-18.742  0.000E+00
-18.732  0.000E+00
-18.722  0.000E+00
-18.712  0.000E+00
-18.702  0.000E+00
-18.692  0.000E+00
-18.682  0.000E+00
-18.672  0.000E+00
-18.662  0.000E+00
-18.652  0.000E+00
-18.642  0.000E+00
-18.632  0.000E+00
-18.622  0.000E+00
-18.612  0.000E+00
-18.602  0.000E+00
-18.592  0.000E+00
-18.582  0.000E+00
-18.572  0.000E+00
-18.562  0.000E+00
-18.552  0.000E+00
-18.542  0.000E+00
-18.532  0.000E+00
-18.522  0.000E+00
-18.512  0.000E+00
-18.502  0.000E+00
-18.492  0.000E+00
-18.482  0.000E+00
-18.472  0.000E+00
-18.462  0.000E+00
-18.452  0.000E+00
-18.442  0.000E+00
-18.432  0.000E+00
-18.422  0.000E+00
-18.412  0.000E+00
-18.402  0.000E+00
-18.392  0.000E+00
-18.382  0.000E+00
-18.372  0.000E+00
-18.362  0.000E+00
-18.352  0.000E+00
-18.342  0.000E+00
-18.332  0.000E+00
-18.322  0.000E+00
-18.312  0.000E+00
-18.302  0.000E+00
-18.292  0.000E+00
-18.282  0.000E+00
-18.272  0.000E+00
-18.262  0.000E+00
-18.252  0.000E+00
-18.242  0.000E+00
-18.232  0.000E+00
-18.222  0.000E+00
-18.212  0.000E+00
-18.202  0.000E+00
-18.192  0.000E+00
-18.182  0.000E+00
-18.172  0.000E+00
-18.162  0.000E+00
-18.152  0.000E+00
-18.142  0.000E+00
-18.132  0.000E+00
-18.122  0.000E+00
-18.112  0.000E+00
-18.102  0.000E+00
-18.092  0.000E+00
-18.082  0.000E+00
-18.072  0.000E+00
-18.062  0.000E+00
-18.052  0.000E+00
-18.042  0.000E+00
-18.032  0.000E+00
-18.022  0.000E+00
-18.012  0.000E+00
-18.002  0.000E+00
-17.992  0.000E+00
-17.982  0.000E+00
-17.972  0.000E+00
-17.962  0.000E+00
-17.952  0.000E+00
-17.942  0.000E+00
-17.932  0.000E+00
-17.922  0.000E+00
-17.912  0.000E+00
-17.902  0.000E+00
-17.892  0.000E+00
-17.882  0.000E+00
-17.872  0.000E+00
-17.862  0.000E+00
-17.852  0.000E+00
-17.842  0.000E+00
-17.832  0.000E+00
-17.822  0.000E+00
-17.812  0.000E+00
-17.802  0.000E+00
-17.792  0.000E+00
-17.782  0.000E+00
-17.772  0.000E+00
-17.762  0.000E+00
-17.752  0.000E+00
-17.742  0.000E+00
-17.732  0.000E+00
-17.722  0.000E+00
-17.712  0.000E+00
-17.702  0.000E+00
-17.692  0.000E+00
-17.682  0.000E+00
-17.672  0.000E+00
-17.662  0.000E+00
-17.652  0.000E+00
-17.642  0.000E+00
-17.632  0.000E+00
-17.622  0.000E+00
-17.612  0.000E+00
-17.602  0.000E+00
-17.592  0.000E+00
-17.582  0.000E+00
-17.572  0.000E+00
-17.562  0.000E+00
-17.552  0.000E+00
-17.542  0.000E+00
-17.532  0.000E+00
-17.522  0.000E+00
-17.512  0.000E+00
-17.502  0.000E+00
-17.492  0.000E+00
-17.482  0.000E+00
-17.472  0.000E+00
-17.462  0.000E+00
-17.452  0.000E+00
-17.442  0.000E+00
-17.432  0.000E+00
-17.422  0.000E+00
-17.412  0.000E+00
-17.402  0.000E+00
-17.392  0.000E+00
-17.382  0.000E+00
-17.372  0.000E+00
-17.362  0.000E+00
-17.352  0.000E+00
-17.342  0.000E+00
-17.332  0.000E+00
-17.322  0.000E+00
-17.312  0.000E+00
-17.302  0.000E+00
-17.292  0.000E+00
-17.282  0.000E+00
-17.272  0.000E+00
-17.262  0.000E+00
-17.252  0.000E+00
-17.242  0.000E+00
-17.232  0.000E+00
-17.222  0.000E+00
-17.212  0.000E+00
-17.202  0.000E+00
-17.192  0.000E+00
-17.182  0.000E+00
-17.172  0.000E+00
-17.162  0.000E+00
-17.152  0.000E+00
-17.142  0.000E+00
-17.132  0.000E+00
-17.122  0.000E+00
-17.112  0.000E+00
-17.102  0.000E+00
-17.092  0.000E+00
-17.082  0.000E+00
-17.072  0.000E+00
-17.062  0.000E+00
-17.052  0.000E+00
-17.042  0.000E+00
-17.032  0.000E+00
-17.022  0.000E+00
-17.012  0.000E+00
-17.002  0.000E+00
-16.992  0.000E+00
-16.982  0.000E+00
-16.972  0.000E+00
-16.962  0.000E+00
-16.952  0.000E+00
-16.942  0.000E+00
-16.932  0.000E+00
-16.922  0.000E+00
-16.912  0.000E+00
-16.902  0.000E+00
-16.892  0.000E+00
-16.882  0.000E+00
-16.872  0.000E+00
-16.862  0.000E+00
-16.852  0.000E+00
-16.842  0.000E+00
-16.832  0.000E+00
-16.822  0.000E+00
-16.812  0.000E+00
-16.802  0.000E+00
-16.792  0.000E+00
-16.782  0.000E+00
-16.772  0.000E+00
-16.762  0.000E+00
-16.752  0.000E+00
-16.742  0.000E+00
-16.732  0.000E+00
-16.722  0.000E+00
-16.712  0.000E+00
-16.702  0.000E+00
-16.692  0.000E+00
-16.682  0.000E+00
-16.672  0.000E+00
-16.662  0.000E+00
-16.652  0.000E+00
-16.642  0.000E+00
-16.632  0.000E+00
-16.622  0.000E+00
-16.612  0.000E+00
-16.602  0.000E+00
-16.592  0.000E+00
-16.582  0.000E+00
-16.572  0.000E+00
-16.562  0.000E+00
-16.552  0.000E+00
-16.542  0.000E+00
-16.532  0.000E+00
-16.522  0.000E+00
-16.512  0.000E+00
-16.502  0.000E+00
-16.492  0.000E+00
-16.482  0.000E+00
-16.472  0.000E+00
-16.462  0.000E+00
-16.452  0.000E+00
-16.442  0.000E+00
-16.432  0.000E+00
-16.422  0.000E+00
-16.412  0.000E+00
-16.402  0.000E+00
-16.392  0.000E+00
-16.382  0.000E+00
-16.372  0.000E+00
-16.362  0.000E+00
-16.352  0.000E+00
-16.342  0.000E+00
-16.332  0.000E+00
-16.322  0.000E+00
-16.312  0.000E+00
-16.302  0.000E+00
-16.292  0.000E+00
-16.282  0.000E+00
-16.272  0.000E+00
-16.262  0.000E+00
-16.252  0.000E+00
-16.242  0.000E+00
-16.232  0.000E+00
-16.222  0.000E+00
-16.212  0.000E+00
-16.202  0.000E+00
-16.192  0.000E+00
-16.182  0.000E+00
-16.172  0.000E+00
-16.162  0.000E+00
-16.152  0.000E+00
-16.142  0.000E+00
-16.132  0.000E+00
-16.122  0.000E+00
-16.112  0.000E+00
-16.102  0.000E+00
-16.092  0.000E+00
-16.082  0.000E+00
-16.072  0.000E+00
-16.062  0.000E+00
-16.052  0.000E+00
-16.042  0.000E+00
-16.032  0.000E+00
-16.022  0.000E+00
-16.012  0.000E+00
-16.002  0.000E+00
-15.992  0.000E+00
-15.982  0.000E+00
-15.972  0.000E+00
-15.962  0.000E+00
-15.952  0.000E+00
-15.942  0.000E+00
-15.932  0.000E+00
-15.922  0.000E+00
-15.912  0.000E+00
-15.902  0.000E+00
-15.892  0.000E+00
-15.882  0.000E+00
-15.872  0.000E+00
-15.862  0.000E+00
-15.852  0.000E+00
-15.842  0.000E+00
-15.832  0.000E+00
-15.822  0.000E+00
-15.812  0.000E+00
-15.802  0.000E+00
-15.792  0.000E+00
-15.782  0.000E+00
-15.772  0.000E+00
-15.762  0.000E+00
-15.752  0.000E+00
-15.742  0.000E+00
-15.732  0.000E+00
-15.722  0.000E+00
-15.712  0.000E+00
-15.702  0.000E+00
-15.692  0.000E+00
-15.682  0.000E+00
-15.672  0.000E+00
-15.662  0.000E+00
-15.652  0.000E+00
-15.642  0.000E+00
-15.632  0.000E+00
-15.622  0.000E+00
-15.612  0.000E+00
-15.602  0.000E+00
-15.592  0.000E+00
-15.582  0.000E+00
-15.572  0.000E+00
-15.562  0.000E+00
-15.552  0.000E+00
-15.542  0.000E+00
-15.532  0.000E+00
-15.522  0.000E+00
-15.512  0.000E+00
-15.502  0.000E+00
-15.492  0.000E+00
-15.482  0.000E+00
-15.472  0.000E+00
-15.462  0.000E+00
-15.452  0.000E+00
-15.442  0.000E+00
-15.432  0.000E+00
-15.422  0.000E+00
-15.412  0.000E+00
-15.402  0.000E+00
-15.392  0.000E+00
-15.382  0.000E+00
-15.372  0.000E+00
-15.362  0.000E+00
-15.352  0.000E+00
-15.342  0.000E+00
-15.332  0.000E+00
-15.322  0.000E+00
-15.312  0.000E+00
-15.302  0.000E+00
-15.292  0.000E+00
-15.282  0.000E+00
-15.272  0.000E+00
-15.262  0.000E+00
-15.252  0.000E+00
-15.242  0.000E+00
-15.232  0.000E+00
-15.222  0.000E+00
-15.212  0.000E+00
-15.202  0.000E+00
-15.192  0.000E+00
-15.182  0.000E+00
-15.172  0.000E+00
-15.162  0.000E+00
-15.152  0.000E+00
-15.142  0.000E+00
-15.132  0.000E+00
-15.122  0.000E+00
-15.112  0.000E+00
-15.102  0.000E+00
-15.092  0.000E+00
-15.082  0.000E+00
-15.072  0.000E+00
-15.062  0.000E+00
-15.052  0.000E+00
-15.042  0.000E+00
-15.032  0.000E+00
-15.022  0.000E+00
-15.012  0.000E+00
-15.002  0.000E+00
-14.992  0.000E+00
-14.982  0.000E+00
-14.972  0.000E+00
-14.962  0.000E+00
-14.952  0.000E+00
-14.942  0.000E+00
-14.932  0.000E+00
-14.922  0.000E+00
-14.912  0.000E+00
-14.902  0.000E+00
-14.892  0.000E+00
-14.882  0.000E+00
-14.872  0.000E+00
-14.862  0.000E+00
-14.852  0.000E+00
-14.842  0.000E+00
-14.832  0.000E+00
-14.822  0.000E+00
-14.812  0.000E+00
-14.802  0.000E+00
-14.792  0.000E+00
-14.782  0.000E+00
-14.772  0.000E+00
-14.762  0.000E+00
-14.752  0.000E+00
-14.742  0.000E+00
-14.732  0.000E+00
-14.722  0.000E+00
-14.712  0.000E+00
-14.702  0.000E+00
-14.692  0.000E+00
-14.682  0.000E+00
-14.672  0.000E+00
-14.662  0.000E+00
-14.652  0.000E+00
-14.642  0.000E+00
-14.632  0.000E+00
-14.622  0.000E+00
-14.612  0.000E+00
-14.602  0.000E+00
-14.592  0.000E+00
-14.582  0.000E+00
-14.572  0.000E+00
-14.562  0.000E+00
-14.552  0.000E+00
-14.542  0.000E+00
-14.532  0.000E+00
-14.522  0.000E+00
-14.512  0.000E+00
-14.502  0.000E+00
-14.492  0.000E+00
-14.482  0.000E+00
-14.472  0.000E+00
-14.462  0.000E+00
-14.452  0.000E+00
-14.442  0.000E+00
-14.432  0.000E+00
-14.422  0.000E+00
-14.412  0.000E+00
-14.402  0.000E+00
-14.392  0.000E+00
-14.382  0.000E+00
-14.372  0.000E+00
-14.362  0.000E+00
-14.352  0.000E+00
-14.342  0.000E+00
-14.332  0.000E+00
-14.322  0.000E+00
-14.312  0.000E+00
-14.302  0.000E+00
-14.292  0.000E+00
-14.282  0.000E+00
-14.272  0.000E+00
-14.262  0.000E+00
-14.252  0.000E+00
-14.242  0.000E+00
-14.232  0.000E+00
-14.222  0.000E+00
-14.212  0.000E+00
-14.202  0.000E+00
-14.192  0.000E+00
-14.182  0.000E+00
-14.172  0.000E+00
-14.162  0.000E+00
-14.152  0.000E+00
-14.142  0.000E+00
-14.132  0.000E+00
-14.122  0.000E+00
-14.112  0.000E+00
-14.102  0.000E+00
-14.092  0.000E+00
-14.082  0.000E+00
-14.072  0.000E+00
-14.062  0.000E+00
-14.052  0.000E+00
-14.042  0.000E+00
-14.032  0.000E+00
-14.022  0.000E+00
-14.012  0.000E+00
-14.002  0.000E+00
-13.992  0.000E+00
-13.982  0.000E+00
-13.972  0.000E+00
-13.962  0.000E+00
-13.952  0.000E+00
-13.942  0.000E+00
-13.932  0.000E+00
-13.922  0.000E+00
-13.912  0.256E-02
-13.902  0.630E-02
-13.892  0.102E-01
-13.882  0.142E-01
-13.872  0.184E-01
-13.862  0.228E-01
-13.852  0.274E-01
-13.842  0.320E-01
-13.832  0.368E-01
-13.822  0.418E-01
-13.812  0.470E-01
-13.802  0.524E-01
-13.792  0.578E-01
-13.782  0.634E-01
-13.772  0.692E-01
-13.762  0.752E-01
-13.752  0.394E-01
-13.742  0.402E-01
-13.732  0.412E-01
-13.722  0.420E-01
-13.712  0.428E-01
-13.702  0.436E-01
-13.692  0.446E-01
-13.682  0.454E-01
-13.672  0.462E-01
-13.662  0.472E-01
-13.652  0.480E-01
-13.642  0.490E-01
-13.632  0.498E-01
-13.622  0.508E-01
-13.612  0.516E-01
-13.602  0.526E-01
-13.592  0.534E-01
-13.582  0.544E-01
-13.572  0.554E-01
-13.562  0.562E-01
-13.552  0.572E-01
-13.542  0.582E-01
-13.532  0.592E-01
-13.522  0.602E-01
-13.512  0.610E-01
-13.502  0.620E-01
-13.492  0.630E-01
-13.482  0.640E-01
-13.472  0.650E-01
-13.462  0.660E-01
-13.452  0.670E-01
-13.442  0.672E-01
-13.432  0.670E-01
-13.422  0.668E-01
-13.412  0.668E-01
-13.402  0.666E-01
-13.392  0.664E-01
-13.382  0.662E-01
-13.372  0.658E-01
-13.362  0.656E-01
-13.352  0.654E-01
-13.342  0.650E-01
-13.332  0.646E-01
-13.322  0.644E-01
-13.312  0.640E-01
-13.302  0.636E-01
-13.292  0.638E-01
-13.282  0.642E-01
-13.272  0.646E-01
-13.262  0.652E-01
-13.252  0.656E-01
-13.242  0.660E-01
-13.232  0.664E-01
-13.222  0.668E-01
-13.212  0.672E-01
-13.202  0.676E-01
-13.192  0.682E-01
-13.182  0.686E-01
-13.172  0.690E-01
-13.162  0.694E-01
-13.152  0.698E-01
-13.142  0.702E-01
-13.132  0.706E-01
-13.122  0.710E-01
-13.112  0.716E-01
-13.102  0.720E-01
-13.092  0.724E-01
-13.082  0.728E-01
-13.072  0.732E-01
-13.062  0.736E-01
-13.052  0.740E-01
-13.042  0.744E-01
-13.032  0.748E-01
-13.022  0.752E-01
-13.012  0.756E-01
-13.002  0.760E-01
-12.992  0.766E-01
-12.982  0.770E-01
-12.972  0.774E-01
-12.962  0.778E-01
-12.952  0.782E-01
-12.942  0.786E-01
-12.932  0.790E-01
-12.922  0.794E-01
-12.912  0.798E-01
-12.902  0.802E-01
-12.892  0.806E-01
-12.882  0.810E-01
-12.872  0.814E-01
-12.862  0.780E-01
-12.852  0.784E-01
-12.842  0.786E-01
-12.832  0.790E-01
-12.822  0.792E-01
-12.812  0.796E-01
-12.802  0.798E-01
-12.792  0.800E-01
-12.782  0.804E-01
-12.772  0.806E-01
-12.762  0.808E-01
-12.752  0.812E-01
-12.742  0.814E-01
-12.732  0.816E-01
-12.722  0.818E-01
-12.712  0.820E-01
-12.702  0.822E-01
-12.692  0.824E-01
-12.682  0.828E-01
-12.672  0.830E-01
-12.662  0.832E-01
-12.652  0.834E-01
-12.642  0.834E-01
-12.632  0.836E-01
-12.622  0.838E-01
-12.612  0.840E-01
-12.602  0.844E-01
-12.592  0.852E-01
-12.582  0.858E-01
-12.572  0.864E-01
-12.562  0.870E-01
-12.552  0.876E-01
-12.542  0.882E-01
-12.532  0.888E-01
-12.522  0.894E-01
-12.512  0.900E-01
-12.502  0.906E-01
-12.492  0.912E-01
-12.482  0.918E-01
-12.472  0.922E-01
-12.462  0.928E-01
-12.452  0.934E-01
-12.442  0.938E-01
-12.432  0.944E-01
-12.422  0.950E-01
-12.412  0.954E-01
-12.402  0.960E-01
-12.392  0.964E-01
-12.382  0.970E-01
-12.372  0.974E-01
-12.362  0.980E-01
-12.352  0.984E-01
-12.342  0.990E-01
-12.332  0.994E-01
-12.322  0.998E-01
-12.312  0.100E+00
-12.302  0.101E+00
-12.292  0.101E+00
-12.282  0.102E+00
-12.272  0.102E+00
-12.262  0.102E+00
-12.252  0.103E+00
-12.242  0.103E+00
-12.232  0.104E+00
-12.222  0.104E+00
-12.212  0.104E+00
-12.202  0.105E+00
-12.192  0.106E+00
-12.182  0.109E+00
-12.172  0.112E+00
-12.162  0.115E+00
-12.152  0.118E+00
-12.142  0.400E+00
-12.132  0.318E+00
-12.122  0.238E+00
-12.112  0.165E+00
-12.102  0.964E-01
-12.092  0.836E-01
-12.082  0.824E-01
-12.072  0.812E-01
-12.062  0.800E-01
-12.052  0.788E-01
-12.042  0.776E-01
-12.032  0.764E-01
-12.022  0.752E-01
-12.012  0.740E-01
-12.002  0.728E-01
-11.992  0.716E-01
-11.982  0.704E-01
-11.972  0.692E-01
-11.962  0.680E-01
-11.952  0.668E-01
-11.942  0.656E-01
-11.932  0.644E-01
-11.922  0.632E-01
-11.912  0.620E-01
-11.902  0.608E-01
-11.892  0.596E-01
-11.882  0.584E-01
-11.872  0.572E-01
-11.862  0.560E-01
-11.852  0.548E-01
-11.842  0.536E-01
-11.832  0.524E-01
-11.822  0.512E-01
-11.812  0.500E-01
-11.802  0.488E-01
-11.792  0.476E-01
-11.782  0.464E-01
-11.772  0.452E-01
-11.762  0.440E-01
-11.752  0.428E-01
-11.742  0.418E-01
-11.732  0.406E-01
-11.722  0.394E-01
-11.712  0.382E-01
-11.702  0.370E-01
-11.692  0.358E-01
-11.682  0.346E-01
-11.672  0.334E-01
-11.662  0.322E-01
-11.652  0.310E-01
-11.642  0.300E-01
-11.632  0.288E-01
-11.622  0.276E-01
-11.612  0.000E+00
-11.602  0.000E+00
-11.592  0.000E+00
-11.582  0.000E+00
-11.572  0.000E+00
-11.562  0.000E+00
-11.552  0.000E+00
-11.542  0.000E+00
-11.532  0.000E+00
-11.522  0.000E+00
-11.512  0.000E+00
-11.502  0.000E+00
-11.492  0.000E+00
-11.482  0.000E+00
-11.472  0.000E+00
-11.462  0.000E+00
-11.452  0.000E+00
-11.442  0.000E+00
-11.432  0.000E+00
-11.422  0.000E+00
-11.412  0.000E+00
-11.402  0.000E+00
-11.392  0.000E+00
-11.382  0.000E+00
-11.372  0.000E+00
-11.362  0.000E+00
-11.352  0.000E+00
-11.342  0.000E+00
-11.332  0.000E+00
-11.322  0.000E+00
-11.312  0.000E+00
-11.302  0.000E+00
-11.292  0.000E+00
-11.282  0.000E+00
-11.272  0.000E+00
-11.262  0.000E+00
-11.252  0.000E+00
-11.242  0.000E+00
-11.232  0.000E+00
-11.222  0.000E+00
-11.212  0.000E+00
-11.202  0.000E+00
-11.192  0.000E+00
-11.182  0.000E+00
-11.172  0.000E+00
-11.162  0.000E+00
-11.152  0.000E+00
-11.142  0.000E+00
-11.132  0.000E+00
-11.122  0.000E+00
-11.112  0.000E+00
-11.102  0.000E+00
-11.092  0.000E+00
-11.082  0.000E+00
-11.072  0.000E+00
-11.062  0.000E+00
-11.052  0.000E+00
-11.042  0.000E+00
-11.032  0.000E+00
-11.022  0.000E+00
-11.012  0.000E+00
-11.002  0.000E+00
-10.992  0.000E+00
-10.982  0.000E+00
-10.972  0.000E+00
-10.962  0.000E+00
-10.952  0.000E+00
-10.942  0.000E+00
-10.932  0.000E+00
-10.922  0.000E+00
-10.912  0.300E-01
-10.902  0.314E-01
-10.892  0.328E-01
-10.882  0.344E-01
-10.872  0.358E-01
-10.862  0.372E-01
-10.852  0.388E-01
-10.842  0.402E-01
-10.832  0.418E-01
-10.822  0.432E-01
-10.812  0.446E-01
-10.802  0.462E-01
-10.792  0.476E-01
-10.782  0.492E-01
-10.772  0.506E-01
-10.762  0.522E-01
-10.752  0.536E-01
-10.742  0.552E-01
-10.732  0.566E-01
-10.722  0.582E-01
-10.712  0.598E-01
-10.702  0.612E-01
-10.692  0.628E-01
-10.682  0.644E-01
-10.672  0.658E-01
-10.662  0.674E-01
-10.652  0.690E-01
-10.642  0.704E-01
-10.632  0.720E-01
-10.622  0.736E-01
-10.612  0.752E-01
-10.602  0.766E-01
-10.592  0.782E-01
-10.582  0.798E-01
-10.572  0.980E-01
-10.562  0.122E+00
-10.552  0.145E+00
-10.542  0.167E+00
-10.532  0.189E+00
-10.522  0.210E+00
-10.512  0.230E+00
-10.502  0.248E+00
-10.492  0.268E+00
-10.482  0.286E+00
-10.472  0.304E+00
-10.462  0.128E+00
-10.452  0.125E+00
-10.442  0.123E+00
-10.432  0.120E+00
-10.422  0.118E+00
-10.412  0.115E+00
-10.402  0.113E+00
-10.392  0.110E+00
-10.382  0.108E+00
-10.372  0.106E+00
-10.362  0.103E+00
-10.352  0.101E+00
-10.342  0.992E-01
-10.332  0.980E-01
-10.322  0.970E-01
-10.312  0.958E-01
-10.302  0.948E-01
-10.292  0.936E-01
-10.282  0.924E-01
-10.272  0.914E-01
-10.262  0.904E-01
-10.252  0.892E-01
-10.242  0.882E-01
-10.232  0.872E-01
-10.222  0.860E-01
-10.212  0.850E-01
-10.202  0.840E-01
-10.192  0.830E-01
-10.182  0.820E-01
-10.172  0.810E-01
-10.162  0.800E-01
-10.152  0.790E-01
-10.142  0.780E-01
-10.132  0.772E-01
-10.122  0.762E-01
-10.112  0.752E-01
-10.102  0.744E-01
-10.092  0.734E-01
-10.082  0.724E-01
-10.072  0.716E-01
-10.062  0.706E-01
-10.052  0.698E-01
-10.042  0.690E-01
-10.032  0.680E-01
-10.022  0.672E-01
-10.012  0.668E-01
-10.002  0.664E-01
 -9.992  0.660E-01
 -9.982  0.658E-01
 -9.972  0.654E-01
 -9.962  0.652E-01
 -9.952  0.648E-01
 -9.942  0.646E-01
 -9.932  0.642E-01
 -9.922  0.640E-01
 -9.912  0.636E-01
 -9.902  0.634E-01
 -9.892  0.632E-01
 -9.882  0.628E-01
 -9.872  0.626E-01
 -9.862  0.624E-01
 -9.852  0.622E-01
 -9.842  0.620E-01
 -9.832  0.616E-01
 -9.822  0.614E-01
 -9.812  0.612E-01
 -9.802  0.610E-01
 -9.792  0.608E-01
 -9.782  0.606E-01
 -9.772  0.604E-01
 -9.762  0.602E-01
 -9.752  0.600E-01
 -9.742  0.600E-01
 -9.732  0.598E-01
 -9.722  0.596E-01
 -9.712  0.674E-01
 -9.702  0.674E-01
 -9.692  0.674E-01
 -9.682  0.674E-01
 -9.672  0.674E-01
 -9.662  0.674E-01
 -9.652  0.676E-01
 -9.642  0.676E-01
 -9.632  0.676E-01
 -9.622  0.676E-01
 -9.612  0.676E-01
 -9.602  0.678E-01
 -9.592  0.678E-01
 -9.582  0.678E-01
 -9.572  0.680E-01
 -9.562  0.680E-01
 -9.552  0.680E-01
 -9.542  0.682E-01
 -9.532  0.682E-01
 -9.522  0.684E-01
 -9.512  0.684E-01
 -9.502  0.686E-01
 -9.492  0.686E-01
 -9.482  0.688E-01
 -9.472  0.690E-01
 -9.462  0.690E-01
 -9.452  0.692E-01
 -9.442  0.694E-01
 -9.432  0.696E-01
 -9.422  0.698E-01
 -9.412  0.698E-01
 -9.402  0.700E-01
 -9.392  0.702E-01
 -9.382  0.704E-01
 -9.372  0.734E-01
 -9.362  0.810E-01
 -9.352  0.892E-01
 -9.342  0.980E-01
 -9.332  0.107E+00
 -9.322  0.117E+00
 -9.312  0.127E+00
 -9.302  0.137E+00
 -9.292  0.148E+00
 -9.282  0.159E+00
 -9.272  0.164E+00
 -9.262  0.167E+00
 -9.252  0.171E+00
 -9.242  0.174E+00
 -9.232  0.178E+00
 -9.222  0.182E+00
 -9.212  0.186E+00
 -9.202  0.190E+00
 -9.192  0.194E+00
 -9.182  0.199E+00
 -9.172  0.115E+01
 -9.162  0.109E+00
 -9.152  0.000E+00
 -9.142  0.000E+00
 -9.132  0.000E+00
 -9.122  0.000E+00
 -9.112  0.000E+00
 -9.102  0.000E+00
 -9.092  0.000E+00
 -9.082  0.000E+00
 -9.072  0.000E+00
 -9.062  0.000E+00
 -9.052  0.000E+00
 -9.042  0.000E+00
 -9.032  0.000E+00
 -9.022  0.000E+00
 -9.012  0.000E+00
 -9.002  0.000E+00
 -8.992  0.000E+00
 -8.982  0.000E+00
 -8.972  0.000E+00
 -8.962  0.000E+00
 -8.952  0.000E+00
 -8.942  0.000E+00
 -8.932  0.000E+00
 -8.922  0.000E+00
 -8.912  0.000E+00
 -8.902  0.000E+00
 -8.892  0.000E+00
 -8.882  0.000E+00
 -8.872  0.000E+00
 -8.862  0.000E+00
 -8.852  0.000E+00
 -8.842  0.000E+00
 -8.832  0.000E+00
 -8.822  0.000E+00
 -8.812  0.000E+00
 -8.802  0.000E+00
 -8.792  0.000E+00
 -8.782  0.000E+00
 -8.772  0.000E+00
 -8.762  0.000E+00
 -8.752  0.000E+00
 -8.742  0.000E+00
 -8.732  0.000E+00
 -8.722  0.000E+00
 -8.712  0.000E+00
 -8.702  0.000E+00
 -8.692  0.000E+00
 -8.682  0.000E+00
 -8.672  0.000E+00
 -8.662  0.000E+00
 -8.652  0.000E+00
 -8.642  0.000E+00
 -8.632  0.000E+00
 -8.622  0.000E+00
 -8.612  0.000E+00
 -8.602  0.000E+00
 -8.592  0.000E+00
 -8.582  0.000E+00
 -8.572  0.000E+00
 -8.562  0.000E+00
 -8.552  0.000E+00
 -8.542  0.000E+00
 -8.532  0.000E+00
 -8.522  0.000E+00
 -8.512  0.000E+00
 -8.502  0.000E+00
 -8.492  0.000E+00
 -8.482  0.000E+00
 -8.472  0.000E+00
 -8.462  0.000E+00
 -8.452  0.000E+00
 -8.442  0.000E+00
 -8.432  0.000E+00
 -8.422  0.000E+00
 -8.412  0.000E+00
 -8.402  0.000E+00
 -8.392  0.000E+00
 -8.382  0.000E+00
 -8.372  0.000E+00
 -8.362  0.000E+00
 -8.352  0.000E+00
 -8.342  0.000E+00
 -8.332  0.000E+00
 -8.322  0.000E+00
 -8.312  0.000E+00
 -8.302  0.000E+00
 -8.292  0.000E+00
 -8.282  0.000E+00
 -8.272  0.000E+00
 -8.262  0.000E+00
 -8.252  0.000E+00
 -8.242  0.000E+00
 -8.232  0.000E+00
 -8.222  0.000E+00
 -8.212  0.000E+00
 -8.202  0.000E+00
 -8.192  0.000E+00
 -8.182  0.000E+00
 -8.172  0.000E+00
 -8.162  0.000E+00
 -8.152  0.000E+00
 -8.142  0.000E+00
 -8.132  0.000E+00
 -8.122  0.000E+00
 -8.112  0.000E+00
 -8.102  0.000E+00
 -8.092  0.000E+00
 -8.082  0.000E+00
 -8.072  0.000E+00
 -8.062  0.000E+00
 -8.052  0.000E+00
 -8.042  0.000E+00
 -8.032  0.000E+00
 -8.022  0.000E+00
 -8.012  0.000E+00
 -8.002  0.000E+00
 -7.992  0.000E+00
 -7.982  0.000E+00
 -7.972  0.000E+00
 -7.962  0.000E+00
 -7.952  0.000E+00
 -7.942  0.000E+00
 -7.932  0.000E+00
 -7.922  0.000E+00
 -7.912  0.000E+00
 -7.902  0.000E+00
 -7.892  0.000E+00
 -7.882  0.000E+00
 -7.872  0.000E+00
 -7.862  0.000E+00
 -7.852  0.000E+00
 -7.842  0.000E+00
 -7.832  0.000E+00
 -7.822  0.000E+00
 -7.812  0.000E+00
 -7.802  0.000E+00
 -7.792  0.000E+00
 -7.782  0.000E+00
 -7.772  0.000E+00
 -7.762  0.000E+00
 -7.752  0.000E+00
 -7.742  0.000E+00
 -7.732  0.000E+00
 -7.722  0.000E+00
 -7.712  0.000E+00
 -7.702  0.000E+00
 -7.692  0.000E+00
 -7.682  0.000E+00
 -7.672  0.000E+00
 -7.662  0.000E+00
 -7.652  0.000E+00
 -7.642  0.000E+00
 -7.632  0.000E+00
 -7.622  0.000E+00
 -7.612  0.000E+00
 -7.602  0.000E+00
 -7.592  0.000E+00
 -7.582  0.000E+00
 -7.572  0.000E+00
 -7.562  0.000E+00
 -7.552  0.000E+00
 -7.542  0.000E+00
 -7.532  0.000E+00
 -7.522  0.000E+00
 -7.512  0.000E+00
 -7.502  0.000E+00
 -7.492  0.000E+00
 -7.482  0.000E+00
 -7.472  0.000E+00
 -7.462  0.000E+00
 -7.452  0.000E+00
 -7.442  0.000E+00
 -7.432  0.000E+00
 -7.422  0.000E+00
 -7.412  0.000E+00
 -7.402  0.000E+00
 -7.392  0.000E+00
 -7.382  0.000E+00
 -7.372  0.000E+00
 -7.362  0.000E+00
 -7.352  0.000E+00
 -7.342  0.000E+00
 -7.332  0.000E+00
 -7.322  0.000E+00
 -7.312  0.000E+00
 -7.302  0.000E+00
 -7.292  0.000E+00
 -7.282  0.000E+00
 -7.272  0.000E+00
 -7.262  0.000E+00
 -7.252  0.000E+00
 -7.242  0.000E+00
 -7.232  0.000E+00
 -7.222  0.000E+00
 -7.212  0.000E+00
 -7.202  0.000E+00
 -7.192  0.000E+00
 -7.182  0.000E+00
 -7.172  0.000E+00
 -7.162  0.000E+00
 -7.152  0.000E+00
 -7.142  0.000E+00
 -7.132  0.000E+00
 -7.122  0.000E+00
 -7.112  0.000E+00
 -7.102  0.000E+00
 -7.092  0.000E+00
 -7.082  0.000E+00
 -7.072  0.000E+00
 -7.062  0.000E+00
 -7.052  0.000E+00
 -7.042  0.000E+00
 -7.032  0.000E+00
 -7.022  0.000E+00
 -7.012  0.000E+00
 -7.002  0.000E+00
 -6.992  0.000E+00
 -6.982  0.000E+00
 -6.972  0.000E+00
 -6.962  0.000E+00
 -6.952  0.000E+00
 -6.942  0.000E+00
 -6.932  0.000E+00
 -6.922  0.000E+00
 -6.912  0.000E+00
 -6.902  0.000E+00
 -6.892  0.000E+00
 -6.882  0.000E+00
 -6.872  0.000E+00
 -6.862  0.000E+00
 -6.852  0.000E+00
 -6.842  0.000E+00
 -6.832  0.000E+00
 -6.822  0.000E+00
 -6.812  0.000E+00
 -6.802  0.000E+00
 -6.792  0.000E+00
 -6.782  0.000E+00
 -6.772  0.000E+00
 -6.762  0.000E+00
 -6.752  0.000E+00
 -6.742  0.000E+00
 -6.732  0.000E+00
 -6.722  0.000E+00
 -6.712  0.000E+00
 -6.702  0.000E+00
 -6.692  0.000E+00
 -6.682  0.000E+00
 -6.672  0.000E+00
 -6.662  0.000E+00
 -6.652  0.000E+00
 -6.642  0.000E+00
 -6.632  0.000E+00
 -6.622  0.000E+00
 -6.612  0.000E+00
 -6.602  0.000E+00
 -6.592  0.000E+00
 -6.582  0.000E+00
 -6.572  0.000E+00
 -6.562  0.000E+00
 -6.552  0.000E+00
 -6.542  0.000E+00
 -6.532  0.000E+00
 -6.522  0.000E+00
 -6.512  0.000E+00
 -6.502  0.000E+00
 -6.492  0.000E+00
 -6.482  0.000E+00
 -6.472  0.000E+00
 -6.462  0.000E+00
 -6.452  0.000E+00
 -6.442  0.000E+00
 -6.432  0.000E+00
 -6.422  0.000E+00
 -6.412  0.000E+00
 -6.402  0.000E+00
 -6.392  0.000E+00
 -6.382  0.000E+00
 -6.372  0.000E+00
 -6.362  0.000E+00
 -6.352  0.000E+00
 -6.342  0.000E+00
 -6.332  0.000E+00
 -6.322  0.000E+00
 -6.312  0.000E+00
 -6.302  0.000E+00
 -6.292  0.000E+00
 -6.282  0.000E+00
 -6.272  0.000E+00
 -6.262  0.000E+00
 -6.252  0.000E+00
 -6.242  0.000E+00
 -6.232  0.000E+00
 -6.222  0.000E+00
 -6.212  0.000E+00
 -6.202  0.000E+00
 -6.192  0.000E+00
 -6.182  0.000E+00
 -6.172  0.000E+00
 -6.162  0.000E+00
 -6.152  0.000E+00
 -6.142  0.000E+00
 -6.132  0.000E+00
 -6.122  0.000E+00
 -6.112  0.000E+00
 -6.102  0.000E+00
 -6.092  0.272E+00
 -6.082  0.286E+00
 -6.072  0.302E+00
 -6.062  0.316E+00
 -6.052  0.332E+00
 -6.042  0.346E+00
 -6.032  0.362E+00
 -6.022  0.376E+00
 -6.012  0.390E+00
 -6.002  0.406E+00
 -5.992  0.420E+00
 -5.982  0.434E+00
 -5.972  0.448E+00
 -5.962  0.464E+00
 -5.952  0.478E+00
 -5.942  0.492E+00
 -5.932  0.506E+00
 -5.922  0.520E+00
 -5.912  0.534E+00
 -5.902  0.548E+00
 -5.892  0.560E+00
 -5.882  0.574E+00
 -5.872  0.588E+00
 -5.862  0.602E+00
 -5.852  0.616E+00
 -5.842  0.628E+00
 -5.832  0.642E+00
 -5.822  0.656E+00
 -5.812  0.668E+00
 -5.802  0.682E+00
 -5.792  0.694E+00
 -5.782  0.838E+00
 -5.772  0.204E+01
 -5.762  0.320E+01
 -5.752  0.634E+01
 -5.742  0.504E+01
 -5.732  0.372E+01
 -5.722  0.242E+01
 -5.712  0.169E+01
 -5.702  0.163E+01
 -5.692  0.158E+01
 -5.682  0.153E+01
 -5.672  0.147E+01
 -5.662  0.142E+01
 -5.652  0.136E+01
 -5.642  0.131E+01
 -5.632  0.125E+01
 -5.622  0.120E+01
 -5.612  0.114E+01
 -5.602  0.108E+01
 -5.592  0.102E+01
 -5.582  0.964E+00
 -5.572  0.566E+00
 -5.562  0.560E+00
 -5.552  0.552E+00
 -5.542  0.544E+00
 -5.532  0.536E+00
 -5.522  0.528E+00
 -5.512  0.520E+00
 -5.502  0.512E+00
 -5.492  0.504E+00
 -5.482  0.496E+00
 -5.472  0.488E+00
 -5.462  0.480E+00
 -5.452  0.472E+00
 -5.442  0.464E+00
 -5.432  0.456E+00
 -5.422  0.448E+00
 -5.412  0.440E+00
 -5.402  0.432E+00
 -5.392  0.424E+00
 -5.382  0.416E+00
 -5.372  0.408E+00
 -5.362  0.400E+00
 -5.352  0.392E+00
 -5.342  0.386E+00
 -5.332  0.378E+00
 -5.322  0.372E+00
 -5.312  0.366E+00
 -5.302  0.360E+00
 -5.292  0.352E+00
 -5.282  0.346E+00
 -5.272  0.340E+00
 -5.262  0.334E+00
 -5.252  0.352E+00
 -5.242  0.372E+00
 -5.232  0.390E+00
 -5.222  0.410E+00
 -5.212  0.430E+00
 -5.202  0.448E+00
 -5.192  0.468E+00
 -5.182  0.488E+00
 -5.172  0.506E+00
 -5.162  0.526E+00
 -5.152  0.546E+00
 -5.142  0.566E+00
 -5.132  0.584E+00
 -5.122  0.604E+00
 -5.112  0.624E+00
 -5.102  0.642E+00
 -5.092  0.662E+00
 -5.082  0.682E+00
 -5.072  0.700E+00
 -5.062  0.720E+00
 -5.052  0.740E+00
 -5.042  0.758E+00
 -5.032  0.778E+00
 -5.022  0.798E+00
 -5.012  0.818E+00
 -5.002  0.836E+00
 -4.992  0.856E+00
 -4.982  0.876E+00
 -4.972  0.896E+00
 -4.962  0.922E+00
 -4.952  0.946E+00
 -4.942  0.972E+00
 -4.932  0.998E+00
 -4.922  0.102E+01
 -4.912  0.105E+01
 -4.902  0.107E+01
 -4.892  0.110E+01
 -4.882  0.113E+01
 -4.872  0.115E+01
 -4.862  0.118E+01
 -4.852  0.120E+01
 -4.842  0.240E+02
 -4.832  0.796E+00
 -4.822  0.796E+00
 -4.812  0.796E+00
 -4.802  0.796E+00
 -4.792  0.798E+00
 -4.782  0.798E+00
 -4.772  0.798E+00
 -4.762  0.800E+00
 -4.752  0.800E+00
 -4.742  0.800E+00
 -4.732  0.800E+00
 -4.722  0.756E+00
 -4.712  0.756E+00
 -4.702  0.758E+00
 -4.692  0.758E+00
 -4.682  0.760E+00
 -4.672  0.760E+00
 -4.662  0.760E+00
 -4.652  0.762E+00
 -4.642  0.762E+00
 -4.632  0.764E+00
 -4.622  0.764E+00
 -4.612  0.766E+00
 -4.602  0.766E+00
 -4.592  0.766E+00
 -4.582  0.768E+00
 -4.572  0.768E+00
 -4.562  0.770E+00
 -4.552  0.770E+00
 -4.542  0.772E+00
 -4.532  0.772E+00
 -4.522  0.772E+00
 -4.512  0.774E+00
 -4.502  0.774E+00
 -4.492  0.776E+00
 -4.482  0.776E+00
 -4.472  0.778E+00
 -4.462  0.778E+00
 -4.452  0.780E+00
 -4.442  0.780E+00
 -4.432  0.780E+00
 -4.422  0.782E+00
 -4.412  0.782E+00
 -4.402  0.784E+00
 -4.392  0.784E+00
 -4.382  0.786E+00
 -4.372  0.970E+00
 -4.362  0.986E+00
 -4.352  0.986E+00
 -4.342  0.984E+00
 -4.332  0.984E+00
 -4.322  0.982E+00
 -4.312  0.980E+00
 -4.302  0.980E+00
 -4.292  0.978E+00
 -4.282  0.978E+00
 -4.272  0.976E+00
 -4.262  0.102E+01
 -4.252  0.107E+01
 -4.242  0.112E+01
 -4.232  0.117E+01
 -4.222  0.122E+01
 -4.212  0.127E+01
 -4.202  0.134E+01
 -4.192  0.141E+01
 -4.182  0.148E+01
 -4.172  0.155E+01
 -4.162  0.161E+01
 -4.152  0.168E+01
 -4.142  0.175E+01
 -4.132  0.182E+01
 -4.122  0.189E+01
 -4.112  0.195E+01
 -4.102  0.202E+01
 -4.092  0.129E+01
 -4.082  0.127E+01
 -4.072  0.125E+01
 -4.062  0.123E+01
 -4.052  0.121E+01
 -4.042  0.119E+01
 -4.032  0.117E+01
 -4.022  0.115E+01
 -4.012  0.113E+01
 -4.002  0.111E+01
 -3.992  0.109E+01
 -3.982  0.107E+01
 -3.972  0.106E+01
 -3.962  0.105E+01
 -3.952  0.103E+01
 -3.942  0.102E+01
 -3.932  0.100E+01
 -3.922  0.990E+00
 -3.912  0.976E+00
 -3.902  0.968E+00
 -3.892  0.960E+00
 -3.882  0.952E+00
 -3.872  0.952E+00
 -3.862  0.952E+00
 -3.852  0.952E+00
 -3.842  0.952E+00
 -3.832  0.952E+00
 -3.822  0.952E+00
 -3.812  0.952E+00
 -3.802  0.950E+00
 -3.792  0.950E+00
 -3.782  0.946E+00
 -3.772  0.940E+00
 -3.762  0.932E+00
 -3.752  0.926E+00
 -3.742  0.918E+00
 -3.732  0.910E+00
 -3.722  0.904E+00
 -3.712  0.896E+00
 -3.702  0.890E+00
 -3.692  0.882E+00
 -3.682  0.876E+00
 -3.672  0.868E+00
 -3.662  0.862E+00
 -3.652  0.854E+00
 -3.642  0.848E+00
 -3.632  0.840E+00
 -3.622  0.834E+00
 -3.612  0.826E+00
 -3.602  0.820E+00
 -3.592  0.814E+00
 -3.582  0.806E+00
 -3.572  0.800E+00
 -3.562  0.792E+00
 -3.552  0.786E+00
 -3.542  0.780E+00
 -3.532  0.772E+00
 -3.522  0.766E+00
 -3.512  0.954E+00
 -3.502  0.966E+00
 -3.492  0.978E+00
 -3.482  0.990E+00
 -3.472  0.100E+01
 -3.462  0.101E+01
 -3.452  0.103E+01
 -3.442  0.104E+01
 -3.432  0.105E+01
 -3.422  0.106E+01
 -3.412  0.107E+01
 -3.402  0.109E+01
 -3.392  0.110E+01
 -3.382  0.109E+01
 -3.372  0.109E+01
 -3.362  0.108E+01
 -3.352  0.113E+01
 -3.342  0.113E+01
 -3.332  0.113E+01
 -3.322  0.113E+01
 -3.312  0.113E+01
 -3.302  0.113E+01
 -3.292  0.113E+01
 -3.282  0.113E+01
 -3.272  0.113E+01
 -3.262  0.113E+01
 -3.252  0.113E+01
 -3.242  0.113E+01
 -3.232  0.114E+01
 -3.222  0.114E+01
 -3.212  0.406E+00
 -3.202  0.394E+00
 -3.192  0.382E+00
 -3.182  0.370E+00
 -3.172  0.356E+00
 -3.162  0.344E+00
 -3.152  0.332E+00
 -3.142  0.320E+00
 -3.132  0.306E+00
 -3.122  0.294E+00
 -3.112  0.282E+00
 -3.102  0.270E+00
 -3.092  0.256E+00
 -3.082  0.244E+00
 -3.072  0.232E+00
 -3.062  0.218E+00
 -3.052  0.206E+00
 -3.042  0.193E+00
 -3.032  0.180E+00
 -3.022  0.168E+00
 -3.012  0.155E+00
 -3.002  0.142E+00
 -2.992  0.130E+00
 -2.982  0.117E+00
 -2.972  0.104E+00
 -2.962  0.912E-01
 -2.952  0.782E-01
 -2.942  0.654E-01
 -2.932  0.526E-01
 -2.922  0.396E-01
 -2.912  0.268E-01
 -2.902  0.138E-01
 -2.892  0.910E-03
 -2.882  0.000E+00
 -2.872  0.000E+00
 -2.862  0.000E+00
 -2.852  0.000E+00
 -2.842  0.000E+00
 -2.832  0.000E+00
 -2.822  0.000E+00
 -2.812  0.000E+00
 -2.802  0.000E+00
 -2.792  0.000E+00
 -2.782  0.000E+00
 -2.772  0.000E+00
 -2.762  0.000E+00
 -2.752  0.000E+00
 -2.742  0.000E+00
 -2.732  0.000E+00
 -2.722  0.000E+00
 -2.712  0.000E+00
 -2.702  0.000E+00
 -2.692  0.000E+00
 -2.682  0.000E+00
 -2.672  0.000E+00
 -2.662  0.000E+00
 -2.652  0.000E+00
 -2.642  0.000E+00
 -2.632  0.000E+00
 -2.622  0.000E+00
 -2.612  0.000E+00
 -2.602  0.000E+00
 -2.592  0.000E+00
 -2.582  0.000E+00
 -2.572  0.000E+00
 -2.562  0.000E+00
 -2.552  0.000E+00
 -2.542  0.000E+00
 -2.532  0.000E+00
 -2.522  0.000E+00
 -2.512  0.000E+00
 -2.502  0.000E+00
 -2.492  0.000E+00
 -2.482  0.000E+00
 -2.472  0.000E+00
 -2.462  0.000E+00
 -2.452  0.000E+00
 -2.442  0.000E+00
 -2.432  0.000E+00
 -2.422  0.000E+00
 -2.412  0.000E+00
 -2.402  0.000E+00
 -2.392  0.000E+00
 -2.382  0.000E+00
 -2.372  0.000E+00
 -2.362  0.000E+00
 -2.352  0.000E+00
 -2.342  0.000E+00
 -2.332  0.000E+00
 -2.322  0.000E+00
 -2.312  0.000E+00
 -2.302  0.000E+00
 -2.292  0.000E+00
 -2.282  0.000E+00
 -2.272  0.000E+00
 -2.262  0.000E+00
 -2.252  0.000E+00
 -2.242  0.000E+00
 -2.232  0.000E+00
 -2.222  0.000E+00
 -2.212  0.000E+00
 -2.202  0.000E+00
 -2.192  0.000E+00
 -2.182  0.000E+00
 -2.172  0.000E+00
 -2.162  0.000E+00
 -2.152  0.000E+00
 -2.142  0.000E+00
 -2.132  0.000E+00
 -2.122  0.000E+00
 -2.112  0.000E+00
 -2.102  0.000E+00
 -2.092  0.000E+00
 -2.082  0.000E+00
 -2.072  0.000E+00
 -2.062  0.000E+00
 -2.052  0.000E+00
 -2.042  0.000E+00
 -2.032  0.000E+00
 -2.022  0.000E+00
 -2.012  0.000E+00
 -2.002  0.000E+00
 -1.992  0.000E+00
 -1.982  0.000E+00
 -1.972  0.000E+00
 -1.962  0.000E+00
 -1.952  0.000E+00
 -1.942  0.000E+00
 -1.932  0.000E+00
 -1.922  0.000E+00
 -1.912  0.000E+00
 -1.902  0.000E+00
 -1.892  0.000E+00
 -1.882  0.000E+00
 -1.872  0.000E+00
 -1.862  0.000E+00
 -1.852  0.000E+00
 -1.842  0.000E+00
 -1.832  0.000E+00
 -1.822  0.000E+00
 -1.812  0.000E+00
 -1.802  0.000E+00
 -1.792  0.000E+00
 -1.782  0.000E+00
 -1.772  0.000E+00
 -1.762  0.000E+00
 -1.752  0.000E+00
 -1.742  0.000E+00
 -1.732  0.000E+00
 -1.722  0.000E+00
 -1.712  0.000E+00
 -1.702  0.000E+00
 -1.692  0.000E+00
 -1.682  0.000E+00
 -1.672  0.000E+00
 -1.662  0.000E+00
 -1.652  0.000E+00
 -1.642  0.000E+00
 -1.632  0.000E+00
 -1.622  0.000E+00
 -1.612  0.000E+00
 -1.602  0.000E+00
 -1.592  0.000E+00
 -1.582  0.000E+00
 -1.572  0.000E+00
 -1.562  0.000E+00
 -1.552  0.000E+00
 -1.542  0.000E+00
 -1.532  0.000E+00
 -1.522  0.000E+00
 -1.512  0.000E+00
 -1.502  0.118E+00
 -1.492  0.256E+00
 -1.482  0.330E+00
 -1.472  0.344E+00
 -1.462  0.358E+00
 -1.452  0.374E+00
 -1.442  0.388E+00
 -1.432  0.404E+00
 -1.422  0.418E+00
 -1.412  0.434E+00
 -1.402  0.452E+00
 -1.392  0.468E+00
 -1.382  0.486E+00
 -1.372  0.504E+00
 -1.362  0.522E+00
 -1.352  0.540E+00
 -1.342  0.556E+00
 -1.332  0.574E+00
 -1.322  0.592E+00
 -1.312  0.610E+00
 -1.302  0.626E+00
 -1.292  0.644E+00
 -1.282  0.662E+00
 -1.272  0.680E+00
 -1.262  0.698E+00
 -1.252  0.714E+00
 -1.242  0.732E+00
 -1.232  0.750E+00
 -1.222  0.758E+00
 -1.212  0.768E+00
 -1.202  0.776E+00
 -1.192  0.784E+00
 -1.182  0.792E+00
 -1.172  0.802E+00
 -1.162  0.109E+01
 -1.152  0.111E+01
 -1.142  0.113E+01
 -1.132  0.115E+01
 -1.122  0.117E+01
 -1.112  0.119E+01
 -1.102  0.121E+01
 -1.092  0.123E+01
 -1.082  0.125E+01
 -1.072  0.127E+01
 -1.062  0.129E+01
 -1.052  0.131E+01
 -1.042  0.133E+01
 -1.032  0.135E+01
 -1.022  0.137E+01
 -1.012  0.139E+01
 -1.002  0.141E+01
 -0.992  0.143E+01
 -0.982  0.145E+01
 -0.972  0.244E+01
 -0.962  0.244E+01
 -0.952  0.244E+01
 -0.942  0.246E+01
 -0.932  0.246E+01
 -0.922  0.246E+01
 -0.912  0.266E+01
 -0.902  0.262E+01
 -0.892  0.260E+01
 -0.882  0.256E+01
 -0.872  0.252E+01
 -0.862  0.248E+01
 -0.852  0.246E+01
 -0.842  0.242E+01
 -0.832  0.216E+01
 -0.822  0.191E+01
 -0.812  0.166E+01
 -0.802  0.141E+01
 -0.792  0.117E+01
 -0.782  0.918E+00
 -0.772  0.286E+00
 -0.762  0.232E+00
 -0.752  0.180E+00
 -0.742  0.127E+00
 -0.732  0.740E-01
 -0.722  0.206E-01
 -0.712  0.000E+00
 -0.702  0.000E+00
 -0.692  0.000E+00
 -0.682  0.000E+00
 -0.672  0.000E+00
 -0.662  0.000E+00
 -0.652  0.000E+00
 -0.642  0.000E+00
 -0.632  0.000E+00
 -0.622  0.000E+00
 -0.612  0.000E+00
 -0.602  0.000E+00
 -0.592  0.000E+00
 -0.582  0.000E+00
 -0.572  0.000E+00
 -0.562  0.000E+00
 -0.552  0.000E+00
 -0.542  0.000E+00
 -0.532  0.000E+00
 -0.522  0.000E+00
 -0.512  0.000E+00
 -0.502  0.000E+00
 -0.492  0.000E+00
 -0.482  0.000E+00
 -0.472  0.000E+00
 -0.462  0.000E+00
 -0.452  0.000E+00
 -0.442  0.000E+00
 -0.432  0.000E+00
 -0.422  0.000E+00
 -0.412  0.372E-01
 -0.402  0.972E-01
 -0.392  0.157E+00
 -0.382  0.216E+00
 -0.372  0.274E+00
 -0.362  0.334E+00
 -0.352  0.392E+00
 -0.342  0.450E+00
 -0.332  0.506E+00
 -0.322  0.564E+00
 -0.312  0.620E+00
 -0.302  0.676E+00
 -0.292  0.732E+00
 -0.282  0.788E+00
 -0.272  0.844E+00
 -0.262  0.898E+00
 -0.252  0.616E+00
 -0.242  0.730E+00
 -0.232  0.844E+00
 -0.222  0.960E+00
 -0.212  0.107E+01
 -0.202  0.119E+01
 -0.192  0.131E+01
 -0.182  0.142E+01
 -0.172  0.154E+01
 -0.162  0.165E+01
 -0.152  0.183E+01
 -0.142  0.200E+01
 -0.132  0.212E+01
 -0.122  0.224E+01
 -0.112  0.236E+01
 -0.102  0.248E+01
 -0.092  0.260E+01
 -0.082  0.272E+01
 -0.072  0.282E+01
 -0.062  0.294E+01
 -0.052  0.306E+01
 -0.042  0.202E+01
 -0.032  0.204E+01
 -0.022  0.202E+01
 -0.012  0.200E+01
 -0.002  0.199E+01
  0.008  0.198E+01
  0.018  0.196E+01
  0.028  0.195E+01
  0.038  0.193E+01
  0.048  0.116E+01
  0.058  0.115E+01
  0.068  0.114E+01
  0.078  0.113E+01
  0.088  0.112E+01
  0.098  0.111E+01
  0.108  0.110E+01
  0.118  0.109E+01
  0.128  0.108E+01
  0.138  0.107E+01
  0.148  0.908E+00
  0.158  0.894E+00
  0.168  0.880E+00
  0.178  0.866E+00
  0.188  0.852E+00
  0.198  0.840E+00
  0.208  0.826E+00
  0.218  0.812E+00
  0.228  0.798E+00
  0.238  0.786E+00
  0.248  0.772E+00
  0.258  0.760E+00
  0.268  0.746E+00
  0.278  0.734E+00
  0.288  0.720E+00
  0.298  0.708E+00
  0.308  0.694E+00
  0.318  0.682E+00
  0.328  0.670E+00
  0.338  0.656E+00
  0.348  0.644E+00
  0.358  0.632E+00
  0.368  0.620E+00
  0.378  0.141E+01
  0.388  0.148E+01
  0.398  0.154E+01
  0.408  0.160E+01
  0.418  0.167E+01
  0.428  0.173E+01
  0.438  0.180E+01
  0.448  0.186E+01
  0.458  0.179E+01
  0.468  0.186E+01
  0.478  0.192E+01
  0.488  0.199E+01
  0.498  0.206E+01
  0.508  0.214E+01
  0.518  0.260E+01
  0.528  0.334E+01
  0.538  0.404E+01
  0.548  0.472E+01
  0.558  0.554E+01
  0.568  0.486E+01
  0.578  0.412E+01
  0.588  0.308E+01
  0.598  0.216E+01
  0.608  0.204E+01
  0.618  0.193E+01
  0.628  0.182E+01
  0.638  0.170E+01
  0.648  0.159E+01
  0.658  0.147E+01
  0.668  0.136E+01
  0.678  0.124E+01
  0.688  0.112E+01
  0.698  0.101E+01
  0.708  0.892E+00
  0.718  0.774E+00
  0.728  0.656E+00
  0.738  0.540E+00
  0.748  0.494E+00
  0.758  0.454E+00
  0.768  0.414E+00
  0.778  0.374E+00
  0.788  0.334E+00
  0.798  0.294E+00
  0.808  0.252E+00
  0.818  0.212E+00
  0.828  0.171E+00
  0.838  0.130E+00
  0.848  0.888E-01
  0.858  0.476E-01
  0.868  0.612E-02
  0.878  0.000E+00
  0.888  0.000E+00
  0.898  0.000E+00
  0.908  0.000E+00
  0.918  0.000E+00
  0.928  0.000E+00
  0.938  0.000E+00
  0.948  0.000E+00
  0.958  0.000E+00
  0.968  0.000E+00
  0.978  0.000E+00
  0.988  0.000E+00
  0.998  0.000E+00
  1.008  0.000E+00
  1.018  0.000E+00
  1.028  0.000E+00
  1.038  0.000E+00
  1.048  0.000E+00
  1.058  0.000E+00
  1.068  0.000E+00
  1.078  0.000E+00
  1.088  0.000E+00
  1.098  0.000E+00
  1.108  0.000E+00
  1.118  0.000E+00
  1.128  0.000E+00
  1.138  0.000E+00
  1.148  0.000E+00
  1.158  0.000E+00
  1.168  0.000E+00
  1.178  0.000E+00
  1.188  0.000E+00
  1.198  0.000E+00
  1.208  0.000E+00
  1.218  0.000E+00
  1.228  0.000E+00
  1.238  0.000E+00
  1.248  0.000E+00
  1.258  0.000E+00
  1.268  0.000E+00
  1.278  0.000E+00
  1.288  0.000E+00
  1.298  0.000E+00
  1.308  0.000E+00
  1.318  0.000E+00
  1.328  0.840E-05
  1.338  0.436E-04
  1.348  0.974E-04
  1.358  0.170E-03
  1.368  0.260E-03
  1.378  0.370E-03
  1.388  0.497E-03
  1.398  0.644E-03
  1.408  0.808E-03
  1.418  0.991E-03
  1.428  0.119E-02
  1.438  0.141E-02
  1.448  0.165E-02
  1.458  0.191E-02
  1.468  0.218E-02
  1.478  0.248E-02
  1.488  0.279E-02
  1.498  0.312E-02
  1.508  0.347E-02
  1.518  0.384E-02
  1.528  0.244E-02
  1.538  0.258E-02
  1.548  0.270E-02
  1.558  0.284E-02
  1.568  0.296E-02
  1.578  0.308E-02
  1.588  0.322E-02
  1.598  0.334E-02
  1.608  0.346E-02
  1.618  0.358E-02
  1.628  0.370E-02
  1.638  0.382E-02
  1.648  0.392E-02
  1.658  0.404E-02
  1.668  0.414E-02
  1.678  0.426E-02
  1.688  0.436E-02
  1.698  0.448E-02
  1.708  0.458E-02
  1.718  0.468E-02
  1.728  0.478E-02
  1.738  0.488E-02
  1.748  0.498E-02
  1.758  0.508E-02
  1.768  0.516E-02
  1.778  0.526E-02
  1.788  0.534E-02
  1.798  0.544E-02
  1.808  0.552E-02
  1.818  0.560E-02
  1.828  0.570E-02
  1.838  0.578E-02
  1.848  0.586E-02
  1.858  0.594E-02
  1.868  0.601E-02
  1.878  0.572E-02
  1.888  0.545E-02
  1.898  0.522E-02
  1.908  0.502E-02
  1.918  0.484E-02
  1.928  0.472E-02
  1.938  0.462E-02
  1.948  0.466E-02
  1.958  0.472E-02
  1.968  0.478E-02
  1.978  0.486E-02
  1.988  0.494E-02
  1.998  0.504E-02
  2.008  0.514E-02
  2.018  0.526E-02
  2.028  0.538E-02
  2.038  0.550E-02
  2.048  0.566E-02
  2.058  0.580E-02
  2.068  0.596E-02
  2.078  0.614E-02
  2.088  0.632E-02
  2.098  0.650E-02
  2.108  0.670E-02
  2.118  0.692E-02
  2.128  0.714E-02
  2.138  0.736E-02
  2.148  0.760E-02
  2.158  0.786E-02
  2.168  0.811E-02
  2.178  0.838E-02
  2.188  0.866E-02
  2.198  0.894E-02
  2.208  0.924E-02
  2.218  0.954E-02
  2.228  0.986E-02
  2.238  0.102E-01
  2.248  0.110E-01
  2.258  0.132E-01
  2.268  0.156E-01
  2.278  0.179E-01
  2.288  0.204E-01
  2.298  0.228E-01
  2.308  0.252E-01
  2.318  0.278E-01
  2.328  0.304E-01
  2.338  0.330E-01
  2.348  0.356E-01
  2.358  0.384E-01
  2.368  0.410E-01
  2.378  0.438E-01
  2.388  0.466E-01
  2.398  0.496E-01
  2.408  0.524E-01
  2.418  0.554E-01
  2.428  0.584E-01
  2.438  0.608E-01
  2.448  0.782E-01
  2.458  0.107E+00
  2.468  0.142E+00
  2.478  0.124E+00
  2.488  0.107E+00
  2.498  0.904E-01
  2.508  0.746E-01
  2.518  0.596E-01
  2.528  0.454E-01
  2.538  0.318E-01
  2.548  0.146E-01
  2.558  0.145E-01
  2.568  0.144E-01
  2.578  0.143E-01
  2.588  0.141E-01
  2.598  0.140E-01
  2.608  0.139E-01
  2.618  0.138E-01
  2.628  0.137E-01
  2.638  0.136E-01
  2.648  0.135E-01
  2.658  0.134E-01
  2.668  0.133E-01
  2.678  0.132E-01
  2.688  0.130E-01
  2.698  0.129E-01
  2.708  0.128E-01
  2.718  0.127E-01
  2.728  0.126E-01
  2.738  0.124E-01
  2.748  0.123E-01
  2.758  0.122E-01
  2.768  0.121E-01
  2.778  0.119E-01
  2.788  0.118E-01
  2.798  0.117E-01
  2.808  0.116E-01
  2.818  0.114E-01
  2.828  0.113E-01
  2.838  0.112E-01
  2.848  0.110E-01
  2.858  0.109E-01
  2.868  0.108E-01
  2.878  0.106E-01
  2.888  0.105E-01
  2.898  0.104E-01
  2.908  0.102E-01
  2.918  0.101E-01
  2.928  0.994E-02
  2.938  0.978E-02
  2.948  0.964E-02
  2.958  0.950E-02
  2.968  0.936E-02
  2.978  0.920E-02
  2.988  0.906E-02
  2.998  0.890E-02
  3.008  0.876E-02
  3.018  0.860E-02
  3.028  0.846E-02
  3.038  0.830E-02
  3.048  0.814E-02
  3.058  0.800E-02
  3.068  0.784E-02
  3.078  0.768E-02
  3.088  0.752E-02
  3.098  0.736E-02
  3.108  0.720E-02
  3.118  0.704E-02
  3.128  0.688E-02
  3.138  0.672E-02
  3.148  0.654E-02
  3.158  0.638E-02
  3.168  0.622E-02
  3.178  0.604E-02
  3.188  0.588E-02
  3.198  0.570E-02
  3.208  0.554E-02
  3.218  0.536E-02
  3.228  0.520E-02
  3.238  0.558E-02
  3.248  0.608E-02
  3.258  0.652E-02
  3.268  0.688E-02
  3.278  0.716E-02
  3.288  0.738E-02
  3.298  0.750E-02
  3.308  0.756E-02
  3.318  0.756E-02
  3.328  0.746E-02
  3.338  0.730E-02
  3.348  0.706E-02
  3.358  0.674E-02
  3.368  0.636E-02
  3.378  0.590E-02
  3.388  0.000E+00
