#E		s_PDOS
-29.0975	0
-29.0875	0.00107
-29.0775	0.0025
-29.0675	0.00342
-29.0575	0.00468
-29.0475	0.00672
-29.0375	0.0081
-29.0275	0.00658
-29.0175	0.00618
-29.0075	0.0041
-28.9975	0.00226
-28.9875	0.00304
-28.9775	0
-28.9675	0.000596
-28.9575	0.0039
-28.9475	0.0124
-28.9375	0.0037
-28.9275	0.00572
-28.9175	0.00765
-28.9075	0.00344
-28.8975	0.00286
-28.8875	0.00188
-28.8775	0.000854
-28.8675	3.06E-06
-28.8575	0
-28.8475	0
-28.8375	0
-28.8275	0
-28.8175	0
-28.8075	0
-28.7975	0
-28.7875	0
-28.7775	0
-28.7675	0
-28.7575	0
-28.7475	0
-28.7375	0
-28.7275	0
-28.7175	0
-28.7075	0
-28.6975	0
-28.6875	0
-28.6775	0
-28.6675	0
-28.6575	0
-28.6475	0
-28.6375	0
-28.6275	0
-28.6175	0
-28.6075	0
-28.5975	0
-28.5875	0
-28.5775	0
-28.5675	0
-28.5575	0
-28.5475	0
-28.5375	0
-28.5275	0
-28.5175	0
-28.5075	0
-28.4975	0
-28.4875	0
-28.4775	0
-28.4675	0
-28.4575	0
-28.4475	0
-28.4375	0
-28.4275	0
-28.4175	0
-28.4075	0
-28.3975	0
-28.3875	0
-28.3775	0
-28.3675	0
-28.3575	0
-28.3475	0
-28.3375	0
-28.3275	0
-28.3175	0
-28.3075	0
-28.2975	0
-28.2875	0
-28.2775	0
-28.2675	0
-28.2575	0
-28.2475	0
-28.2375	0
-28.2275	0
-28.2175	0
-28.2075	0
-28.1975	0
-28.1875	0
-28.1775	0
-28.1675	0
-28.1575	0
-28.1475	0
-28.1375	0
-28.1275	0
-28.1175	0
-28.1075	0
-28.0975	0
-28.0875	0
-28.0775	0
-28.0675	0
-28.0575	0
-28.0475	0
-28.0375	0
-28.0275	0
-28.0175	0
-28.0075	0
-27.9975	0
-27.9875	0
-27.9775	0
-27.9675	0
-27.9575	0
-27.9475	0
-27.9375	0
-27.9275	0
-27.9175	0
-27.9075	0
-27.8975	0
-27.8875	0
-27.8775	0
-27.8675	0
-27.8575	0
-27.8475	0
-27.8375	0
-27.8275	0
-27.8175	0
-27.8075	0
-27.7975	0
-27.7875	0
-27.7775	0
-27.7675	0
-27.7575	0
-27.7475	0
-27.7375	0
-27.7275	0
-27.7175	0
-27.7075	0
-27.6975	0
-27.6875	0
-27.6775	0
-27.6675	0
-27.6575	0
-27.6475	0
-27.6375	0
-27.6275	0
-27.6175	0
-27.6075	0
-27.5975	0
-27.5875	0
-27.5775	0
-27.5675	0
-27.5575	0
-27.5475	0
-27.5375	0
-27.5275	0
-27.5175	0
-27.5075	0
-27.4975	0
-27.4875	0
-27.4775	0
-27.4675	0
-27.4575	0
-27.4475	0
-27.4375	0
-27.4275	0
-27.4175	0
-27.4075	0
-27.3975	0
-27.3875	0
-27.3775	0
-27.3675	0
-27.3575	0
-27.3475	0
-27.3375	0
-27.3275	0
-27.3175	0
-27.3075	0
-27.2975	0
-27.2875	0
-27.2775	0
-27.2675	0
-27.2575	0
-27.2475	0
-27.2375	0
-27.2275	0
-27.2175	0
-27.2075	0
-27.1975	0
-27.1875	0
-27.1775	0
-27.1675	0
-27.1575	0
-27.1475	0
-27.1375	0
-27.1275	0
-27.1175	0
-27.1075	0
-27.0975	0
-27.0875	0
-27.0775	0
-27.0675	0
-27.0575	0
-27.0475	0
-27.0375	0
-27.0275	0
-27.0175	0
-27.0075	0
-26.9975	0
-26.9875	0
-26.9775	0
-26.9675	0
-26.9575	0
-26.9475	0
-26.9375	0
-26.9275	0
-26.9175	0
-26.9075	0
-26.8975	0
-26.8875	0
-26.8775	0
-26.8675	0
-26.8575	0
-26.8475	0
-26.8375	0
-26.8275	0
-26.8175	0
-26.8075	0
-26.7975	0
-26.7875	0
-26.7775	0
-26.7675	0
-26.7575	0
-26.7475	0
-26.7375	0
-26.7275	0
-26.7175	0
-26.7075	0
-26.6975	0
-26.6875	0
-26.6775	0
-26.6675	0
-26.6575	0
-26.6475	0
-26.6375	0
-26.6275	0
-26.6175	0
-26.6075	0
-26.5975	0
-26.5875	0
-26.5775	0
-26.5675	0
-26.5575	0
-26.5475	0
-26.5375	0
-26.5275	0
-26.5175	0
-26.5075	0
-26.4975	0
-26.4875	0
-26.4775	0
-26.4675	0
-26.4575	0
-26.4475	0
-26.4375	0
-26.4275	0
-26.4175	0
-26.4075	0
-26.3975	0
-26.3875	0
-26.3775	0
-26.3675	0
-26.3575	0
-26.3475	0
-26.3375	0
-26.3275	0
-26.3175	0
-26.3075	0
-26.2975	0
-26.2875	0
-26.2775	0
-26.2675	0
-26.2575	0
-26.2475	0
-26.2375	0
-26.2275	0
-26.2175	0
-26.2075	0
-26.1975	0
-26.1875	0
-26.1775	0
-26.1675	0
-26.1575	0
-26.1475	0
-26.1375	0
-26.1275	0
-26.1175	0
-26.1075	0
-26.0975	0
-26.0875	0
-26.0775	0
-26.0675	0
-26.0575	0
-26.0475	0
-26.0375	0
-26.0275	0
-26.0175	0
-26.0075	0
-25.9975	0
-25.9875	0
-25.9775	0
-25.9675	0
-25.9575	0
-25.9475	0
-25.9375	0
-25.9275	0
-25.9175	0
-25.9075	0
-25.8975	0
-25.8875	0
-25.8775	0
-25.8675	0
-25.8575	0
-25.8475	0
-25.8375	0
-25.8275	0
-25.8175	0
-25.8075	0
-25.7975	0
-25.7875	0
-25.7775	0
-25.7675	0
-25.7575	0
-25.7475	0
-25.7375	0
-25.7275	0
-25.7175	0
-25.7075	0
-25.6975	0
-25.6875	0
-25.6775	0
-25.6675	0
-25.6575	0
-25.6475	0
-25.6375	0
-25.6275	0
-25.6175	0
-25.6075	0
-25.5975	0
-25.5875	0
-25.5775	0
-25.5675	0
-25.5575	0
-25.5475	0
-25.5375	0
-25.5275	0
-25.5175	0
-25.5075	0
-25.4975	0
-25.4875	0
-25.4775	0
-25.4675	0
-25.4575	0
-25.4475	0
-25.4375	0
-25.4275	0
-25.4175	0
-25.4075	0
-25.3975	0
-25.3875	0
-25.3775	0
-25.3675	0
-25.3575	0
-25.3475	0
-25.3375	0
-25.3275	0
-25.3175	0
-25.3075	0
-25.2975	0
-25.2875	0
-25.2775	0
-25.2675	0
-25.2575	0
-25.2475	0
-25.2375	0
-25.2275	0
-25.2175	0
-25.2075	0
-25.1975	0
-25.1875	0
-25.1775	0
-25.1675	0
-25.1575	0
-25.1475	0
-25.1375	0
-25.1275	0
-25.1175	0
-25.1075	0
-25.0975	0
-25.0875	0
-25.0775	0
-25.0675	0
-25.0575	0
-25.0475	0
-25.0375	0
-25.0275	0
-25.0175	0
-25.0075	0
-24.9975	0
-24.9875	0
-24.9775	0
-24.9675	0
-24.9575	0
-24.9475	0
-24.9375	0
-24.9275	0
-24.9175	0
-24.9075	0
-24.8975	0
-24.8875	0
-24.8775	0
-24.8675	0
-24.8575	0
-24.8475	0
-24.8375	0
-24.8275	0
-24.8175	0
-24.8075	0
-24.7975	0
-24.7875	0
-24.7775	0
-24.7675	0
-24.7575	0
-24.7475	0
-24.7375	0
-24.7275	0
-24.7175	0
-24.7075	0
-24.6975	0
-24.6875	0
-24.6775	0
-24.6675	0
-24.6575	0
-24.6475	0
-24.6375	0
-24.6275	0
-24.6175	0
-24.6075	0
-24.5975	0
-24.5875	0
-24.5775	0
-24.5675	0
-24.5575	0
-24.5475	0
-24.5375	0
-24.5275	0
-24.5175	0
-24.5075	0
-24.4975	0
-24.4875	0
-24.4775	0
-24.4675	0
-24.4575	0
-24.4475	0
-24.4375	0
-24.4275	0
-24.4175	0
-24.4075	0
-24.3975	0
-24.3875	0
-24.3775	0
-24.3675	0
-24.3575	0
-24.3475	0
-24.3375	0
-24.3275	0
-24.3175	0
-24.3075	0
-24.2975	0
-24.2875	0
-24.2775	0
-24.2675	0
-24.2575	0
-24.2475	0
-24.2375	0
-24.2275	0
-24.2175	0
-24.2075	0
-24.1975	0
-24.1875	0
-24.1775	0
-24.1675	0
-24.1575	0
-24.1475	0
-24.1375	0
-24.1275	0
-24.1175	0
-24.1075	0
-24.0975	0
-24.0875	0
-24.0775	0
-24.0675	0
-24.0575	0
-24.0475	0
-24.0375	0
-24.0275	0
-24.0175	0
-24.0075	0
-23.9975	0
-23.9875	0
-23.9775	0
-23.9675	0
-23.9575	0
-23.9475	0
-23.9375	0
-23.9275	0
-23.9175	0
-23.9075	0
-23.8975	0
-23.8875	0
-23.8775	0
-23.8675	0
-23.8575	0
-23.8475	0
-23.8375	0
-23.8275	0
-23.8175	0
-23.8075	0
-23.7975	0
-23.7875	0
-23.7775	0
-23.7675	0
-23.7575	0
-23.7475	0
-23.7375	0
-23.7275	0
-23.7175	0
-23.7075	0
-23.6975	0
-23.6875	0
-23.6775	0
-23.6675	0
-23.6575	0
-23.6475	0
-23.6375	0
-23.6275	0
-23.6175	0
-23.6075	0
-23.5975	0
-23.5875	0
-23.5775	0
-23.5675	0
-23.5575	0
-23.5475	0
-23.5375	0
-23.5275	0
-23.5175	0
-23.5075	0
-23.4975	0
-23.4875	0
-23.4775	0
-23.4675	0
-23.4575	0
-23.4475	0
-23.4375	0
-23.4275	0
-23.4175	0
-23.4075	0
-23.3975	0
-23.3875	0
-23.3775	0
-23.3675	0
-23.3575	0
-23.3475	0
-23.3375	0
-23.3275	0
-23.3175	0
-23.3075	0
-23.2975	0
-23.2875	0
-23.2775	0
-23.2675	0
-23.2575	0
-23.2475	0
-23.2375	0
-23.2275	0
-23.2175	0
-23.2075	0
-23.1975	0
-23.1875	0
-23.1775	0
-23.1675	0
-23.1575	0
-23.1475	0
-23.1375	0
-23.1275	0
-23.1175	0
-23.1075	0
-23.0975	0
-23.0875	0
-23.0775	0
-23.0675	0
-23.0575	0
-23.0475	0
-23.0375	0
-23.0275	0
-23.0175	0
-23.0075	0
-22.9975	0
-22.9875	0
-22.9775	0
-22.9675	0
-22.9575	0
-22.9475	0
-22.9375	0
-22.9275	0
-22.9175	0
-22.9075	0
-22.8975	0
-22.8875	0
-22.8775	0
-22.8675	0
-22.8575	0
-22.8475	0
-22.8375	0
-22.8275	0
-22.8175	0
-22.8075	0
-22.7975	0
-22.7875	0
-22.7775	0
-22.7675	0
-22.7575	0
-22.7475	0
-22.7375	0
-22.7275	0
-22.7175	0
-22.7075	0
-22.6975	0
-22.6875	0
-22.6775	0
-22.6675	0
-22.6575	0
-22.6475	0
-22.6375	0
-22.6275	0
-22.6175	0
-22.6075	0
-22.5975	0
-22.5875	0
-22.5775	0
-22.5675	0
-22.5575	0
-22.5475	0
-22.5375	0
-22.5275	0
-22.5175	0
-22.5075	0
-22.4975	0
-22.4875	0
-22.4775	0
-22.4675	0
-22.4575	0
-22.4475	0
-22.4375	0
-22.4275	0
-22.4175	0
-22.4075	0
-22.3975	0
-22.3875	0
-22.3775	0
-22.3675	0
-22.3575	0
-22.3475	0
-22.3375	0
-22.3275	0
-22.3175	0
-22.3075	0
-22.2975	0
-22.2875	0
-22.2775	0
-22.2675	0
-22.2575	0
-22.2475	0
-22.2375	0
-22.2275	0
-22.2175	0
-22.2075	0
-22.1975	0
-22.1875	0
-22.1775	0
-22.1675	0
-22.1575	0
-22.1475	0
-22.1375	0
-22.1275	0
-22.1175	0
-22.1075	0
-22.0975	0
-22.0875	0
-22.0775	0
-22.0675	0
-22.0575	0
-22.0475	0
-22.0375	0
-22.0275	0
-22.0175	0
-22.0075	0
-21.9975	0
-21.9875	0
-21.9775	0
-21.9675	0
-21.9575	0
-21.9475	0
-21.9375	0
-21.9275	0
-21.9175	0
-21.9075	0
-21.8975	0
-21.8875	0
-21.8775	0
-21.8675	0
-21.8575	0
-21.8475	0
-21.8375	0
-21.8275	0
-21.8175	0
-21.8075	0
-21.7975	0
-21.7875	0
-21.7775	0
-21.7675	0
-21.7575	0
-21.7475	0
-21.7375	0
-21.7275	0
-21.7175	0
-21.7075	0
-21.6975	0
-21.6875	0
-21.6775	0
-21.6675	0
-21.6575	0
-21.6475	0
-21.6375	0
-21.6275	0
-21.6175	0
-21.6075	0
-21.5975	0
-21.5875	0
-21.5775	0
-21.5675	0
-21.5575	0
-21.5475	0
-21.5375	0
-21.5275	0
-21.5175	0
-21.5075	0
-21.4975	0
-21.4875	0
-21.4775	0
-21.4675	0
-21.4575	0
-21.4475	0
-21.4375	0
-21.4275	0
-21.4175	0
-21.4075	0
-21.3975	0
-21.3875	0
-21.3775	0
-21.3675	0
-21.3575	0
-21.3475	0
-21.3375	0
-21.3275	0
-21.3175	0
-21.3075	0
-21.2975	0
-21.2875	0
-21.2775	0
-21.2675	0
-21.2575	0
-21.2475	0
-21.2375	0
-21.2275	0
-21.2175	0
-21.2075	0
-21.1975	0
-21.1875	0
-21.1775	0
-21.1675	0
-21.1575	0
-21.1475	0
-21.1375	0
-21.1275	0
-21.1175	0
-21.1075	0
-21.0975	0
-21.0875	0
-21.0775	0
-21.0675	0
-21.0575	0
-21.0475	0
-21.0375	0
-21.0275	0
-21.0175	0
-21.0075	0
-20.9975	0
-20.9875	0
-20.9775	0
-20.9675	0
-20.9575	0
-20.9475	0
-20.9375	0
-20.9275	0
-20.9175	0
-20.9075	0
-20.8975	0
-20.8875	0
-20.8775	0
-20.8675	0
-20.8575	0
-20.8475	0
-20.8375	0
-20.8275	0
-20.8175	0
-20.8075	0
-20.7975	0
-20.7875	0
-20.7775	0
-20.7675	0
-20.7575	0
-20.7475	0
-20.7375	0
-20.7275	0
-20.7175	0
-20.7075	0
-20.6975	0
-20.6875	0
-20.6775	0
-20.6675	0
-20.6575	0
-20.6475	0
-20.6375	0
-20.6275	0
-20.6175	0
-20.6075	0
-20.5975	0
-20.5875	0
-20.5775	0
-20.5675	0
-20.5575	0
-20.5475	0
-20.5375	0
-20.5275	0
-20.5175	0
-20.5075	0
-20.4975	0
-20.4875	0
-20.4775	0
-20.4675	0
-20.4575	0
-20.4475	0
-20.4375	0
-20.4275	0
-20.4175	0
-20.4075	0
-20.3975	0
-20.3875	0
-20.3775	0
-20.3675	0
-20.3575	0
-20.3475	0
-20.3375	0
-20.3275	0
-20.3175	0
-20.3075	0
-20.2975	0
-20.2875	0
-20.2775	0
-20.2675	0
-20.2575	0
-20.2475	0
-20.2375	0
-20.2275	0
-20.2175	0
-20.2075	0
-20.1975	0
-20.1875	0
-20.1775	0
-20.1675	0
-20.1575	0
-20.1475	0
-20.1375	0
-20.1275	0
-20.1175	0
-20.1075	0
-20.0975	0
-20.0875	0
-20.0775	0
-20.0675	0
-20.0575	0
-20.0475	0
-20.0375	0
-20.0275	0
-20.0175	0
-20.0075	0
-19.9975	0
-19.9875	0
-19.9775	0
-19.9675	0
-19.9575	0
-19.9475	0
-19.9375	0
-19.9275	0
-19.9175	0
-19.9075	0
-19.8975	0
-19.8875	0
-19.8775	0
-19.8675	0
-19.8575	0
-19.8475	0
-19.8375	0
-19.8275	0
-19.8175	0
-19.8075	0
-19.7975	0
-19.7875	0
-19.7775	0
-19.7675	0
-19.7575	0
-19.7475	0
-19.7375	0
-19.7275	0
-19.7175	0
-19.7075	0
-19.6975	0
-19.6875	0
-19.6775	0
-19.6675	0
-19.6575	0
-19.6475	0
-19.6375	0
-19.6275	0
-19.6175	0
-19.6075	0
-19.5975	0
-19.5875	0
-19.5775	0
-19.5675	0
-19.5575	0
-19.5475	0
-19.5375	0
-19.5275	0
-19.5175	0
-19.5075	0
-19.4975	0
-19.4875	0
-19.4775	0
-19.4675	0
-19.4575	0
-19.4475	0
-19.4375	0
-19.4275	0
-19.4175	0
-19.4075	0
-19.3975	0
-19.3875	0
-19.3775	0
-19.3675	0
-19.3575	0
-19.3475	0
-19.3375	0
-19.3275	0
-19.3175	0
-19.3075	0
-19.2975	0
-19.2875	0
-19.2775	0
-19.2675	0
-19.2575	0
-19.2475	0
-19.2375	0
-19.2275	0
-19.2175	0
-19.2075	0
-19.1975	0
-19.1875	0
-19.1775	0
-19.1675	0
-19.1575	0
-19.1475	0
-19.1375	0
-19.1275	0
-19.1175	0
-19.1075	0
-19.0975	0
-19.0875	0
-19.0775	0
-19.0675	0
-19.0575	0
-19.0475	0
-19.0375	0
-19.0275	0
-19.0175	0
-19.0075	0
-18.9975	0
-18.9875	0
-18.9775	0
-18.9675	0
-18.9575	0
-18.9475	0
-18.9375	0
-18.9275	0
-18.9175	0
-18.9075	0
-18.8975	0
-18.8875	0
-18.8775	0
-18.8675	0
-18.8575	0
-18.8475	0
-18.8375	0
-18.8275	0
-18.8175	0
-18.8075	0
-18.7975	0
-18.7875	0
-18.7775	0
-18.7675	0
-18.7575	0
-18.7475	0
-18.7375	0
-18.7275	0
-18.7175	0
-18.7075	0
-18.6975	0
-18.6875	0
-18.6775	0
-18.6675	0
-18.6575	0
-18.6475	0
-18.6375	0
-18.6275	0
-18.6175	0
-18.6075	0
-18.5975	0
-18.5875	0
-18.5775	0
-18.5675	0
-18.5575	0
-18.5475	0
-18.5375	0
-18.5275	0
-18.5175	0
-18.5075	0
-18.4975	0
-18.4875	0
-18.4775	0
-18.4675	0
-18.4575	0
-18.4475	0
-18.4375	0
-18.4275	0
-18.4175	0
-18.4075	0
-18.3975	0
-18.3875	0
-18.3775	0
-18.3675	0
-18.3575	0
-18.3475	0
-18.3375	0
-18.3275	0
-18.3175	0
-18.3075	0
-18.2975	0
-18.2875	0
-18.2775	0
-18.2675	0
-18.2575	0
-18.2475	0
-18.2375	0
-18.2275	0
-18.2175	0
-18.2075	0
-18.1975	0
-18.1875	0
-18.1775	0
-18.1675	0
-18.1575	0
-18.1475	0
-18.1375	0
-18.1275	0
-18.1175	0
-18.1075	0
-18.0975	0
-18.0875	0
-18.0775	0
-18.0675	0
-18.0575	0
-18.0475	0
-18.0375	0
-18.0275	0
-18.0175	0
-18.0075	0
-17.9975	0
-17.9875	0
-17.9775	0
-17.9675	0
-17.9575	0
-17.9475	0
-17.9375	0
-17.9275	0
-17.9175	0
-17.9075	0
-17.8975	0
-17.8875	0
-17.8775	0
-17.8675	0
-17.8575	0
-17.8475	0
-17.8375	0
-17.8275	0
-17.8175	0
-17.8075	0
-17.7975	0
-17.7875	0
-17.7775	0
-17.7675	0
-17.7575	0
-17.7475	0
-17.7375	0
-17.7275	0
-17.7175	0
-17.7075	0
-17.6975	0
-17.6875	0
-17.6775	0
-17.6675	0
-17.6575	0
-17.6475	0
-17.6375	0
-17.6275	0
-17.6175	0
-17.6075	0
-17.5975	0
-17.5875	0
-17.5775	0
-17.5675	0
-17.5575	0
-17.5475	0
-17.5375	0
-17.5275	0
-17.5175	0
-17.5075	0
-17.4975	0
-17.4875	0
-17.4775	0
-17.4675	0
-17.4575	0
-17.4475	0
-17.4375	0
-17.4275	0
-17.4175	0
-17.4075	0
-17.3975	0
-17.3875	0
-17.3775	0
-17.3675	0
-17.3575	0
-17.3475	0
-17.3375	0
-17.3275	0
-17.3175	0
-17.3075	0
-17.2975	0
-17.2875	0
-17.2775	0
-17.2675	0
-17.2575	0
-17.2475	0
-17.2375	0
-17.2275	0
-17.2175	0
-17.2075	0
-17.1975	0
-17.1875	0
-17.1775	0
-17.1675	0
-17.1575	0
-17.1475	0
-17.1375	0
-17.1275	0
-17.1175	0
-17.1075	0
-17.0975	0
-17.0875	0
-17.0775	0
-17.0675	0
-17.0575	0
-17.0475	0
-17.0375	0
-17.0275	0
-17.0175	0
-17.0075	0
-16.9975	0
-16.9875	0
-16.9775	0
-16.9675	0
-16.9575	0
-16.9475	0
-16.9375	0
-16.9275	0
-16.9175	0
-16.9075	0
-16.8975	0
-16.8875	0
-16.8775	0
-16.8675	0
-16.8575	0
-16.8475	0
-16.8375	0
-16.8275	0
-16.8175	0
-16.8075	0
-16.7975	0
-16.7875	0
-16.7775	0
-16.7675	0
-16.7575	0
-16.7475	0
-16.7375	0
-16.7275	0
-16.7175	0
-16.7075	0
-16.6975	0
-16.6875	0
-16.6775	0
-16.6675	0
-16.6575	0
-16.6475	0
-16.6375	0
-16.6275	0
-16.6175	0
-16.6075	0
-16.5975	0
-16.5875	0
-16.5775	0
-16.5675	0
-16.5575	0
-16.5475	0
-16.5375	0
-16.5275	0
-16.5175	0
-16.5075	0
-16.4975	0
-16.4875	0
-16.4775	0
-16.4675	0
-16.4575	0
-16.4475	0
-16.4375	0
-16.4275	0
-16.4175	0
-16.4075	0
-16.3975	0
-16.3875	0
-16.3775	0
-16.3675	0
-16.3575	0
-16.3475	0
-16.3375	0
-16.3275	0
-16.3175	0
-16.3075	0
-16.2975	0
-16.2875	0
-16.2775	0
-16.2675	0
-16.2575	0
-16.2475	0
-16.2375	0
-16.2275	0
-16.2175	0
-16.2075	0
-16.1975	0
-16.1875	0
-16.1775	0
-16.1675	0
-16.1575	0
-16.1475	0
-16.1375	0
-16.1275	0
-16.1175	0
-16.1075	0
-16.0975	0
-16.0875	0
-16.0775	0
-16.0675	0
-16.0575	0
-16.0475	0
-16.0375	0
-16.0275	0
-16.0175	0
-16.0075	0
-15.9975	0
-15.9875	0
-15.9775	0
-15.9675	0
-15.9575	0
-15.9475	0
-15.9375	0
-15.9275	0
-15.9175	0
-15.9075	0
-15.8975	0
-15.8875	0
-15.8775	0
-15.8675	0
-15.8575	0
-15.8475	0
-15.8375	0
-15.8275	0
-15.8175	0
-15.8075	0
-15.7975	0
-15.7875	0
-15.7775	0
-15.7675	0
-15.7575	0
-15.7475	0
-15.7375	0
-15.7275	0
-15.7175	0
-15.7075	0
-15.6975	0
-15.6875	0
-15.6775	0
-15.6675	0
-15.6575	0
-15.6475	0
-15.6375	0
-15.6275	0
-15.6175	0
-15.6075	0
-15.5975	0
-15.5875	0
-15.5775	0
-15.5675	0
-15.5575	0
-15.5475	0
-15.5375	0
-15.5275	0
-15.5175	0
-15.5075	0
-15.4975	0
-15.4875	0
-15.4775	0
-15.4675	0
-15.4575	0
-15.4475	0
-15.4375	0
-15.4275	0
-15.4175	0
-15.4075	0
-15.3975	0
-15.3875	0
-15.3775	0
-15.3675	0
-15.3575	0
-15.3475	0
-15.3375	0
-15.3275	0
-15.3175	0
-15.3075	0
-15.2975	0
-15.2875	0
-15.2775	0
-15.2675	0
-15.2575	0
-15.2475	0
-15.2375	0
-15.2275	0
-15.2175	0
-15.2075	0
-15.1975	0
-15.1875	0
-15.1775	0
-15.1675	0
-15.1575	0
-15.1475	0
-15.1375	0
-15.1275	0
-15.1175	0
-15.1075	0
-15.0975	0
-15.0875	0
-15.0775	0
-15.0675	0
-15.0575	0
-15.0475	0
-15.0375	0
-15.0275	0
-15.0175	0
-15.0075	0
-14.9975	0
-14.9875	0
-14.9775	0
-14.9675	0
-14.9575	0
-14.9475	0
-14.9375	0
-14.9275	0
-14.9175	0
-14.9075	0
-14.8975	0
-14.8875	0
-14.8775	0
-14.8675	0
-14.8575	0
-14.8475	0
-14.8375	0
-14.8275	0
-14.8175	0
-14.8075	0
-14.7975	0
-14.7875	0
-14.7775	0
-14.7675	0
-14.7575	0
-14.7475	0
-14.7375	0
-14.7275	0
-14.7175	0
-14.7075	0
-14.6975	0
-14.6875	0
-14.6775	0
-14.6675	0
-14.6575	0
-14.6475	0
-14.6375	0
-14.6275	0
-14.6175	0
-14.6075	0
-14.5975	0
-14.5875	0
-14.5775	0
-14.5675	0
-14.5575	0
-14.5475	0
-14.5375	0
-14.5275	0
-14.5175	0
-14.5075	0
-14.4975	0
-14.4875	0
-14.4775	0
-14.4675	0
-14.4575	0
-14.4475	0
-14.4375	0
-14.4275	0
-14.4175	0
-14.4075	0
-14.3975	0
-14.3875	0
-14.3775	0
-14.3675	0
-14.3575	0
-14.3475	0
-14.3375	0
-14.3275	0
-14.3175	0
-14.3075	0
-14.2975	0
-14.2875	0
-14.2775	0
-14.2675	0
-14.2575	0
-14.2475	0
-14.2375	0
-14.2275	0
-14.2175	0
-14.2075	0
-14.1975	0
-14.1875	0
-14.1775	0
-14.1675	0
-14.1575	0
-14.1475	0
-14.1375	0
-14.1275	0
-14.1175	0
-14.1075	0
-14.0975	0
-14.0875	0
-14.0775	0
-14.0675	0
-14.0575	0
-14.0475	0
-14.0375	0
-14.0275	0
-14.0175	0
-14.0075	0
-13.9975	0
-13.9875	0
-13.9775	0
-13.9675	0
-13.9575	0
-13.9475	0
-13.9375	0
-13.9275	0
-13.9175	0
-13.9075	0
-13.8975	0
-13.8875	0
-13.8775	0
-13.8675	0
-13.8575	0
-13.8475	0
-13.8375	0
-13.8275	0
-13.8175	0
-13.8075	0
-13.7975	0
-13.7875	0
-13.7775	0
-13.7675	0
-13.7575	0
-13.7475	0
-13.7375	0
-13.7275	0
-13.7175	0
-13.7075	0
-13.6975	0
-13.6875	0
-13.6775	0
-13.6675	0
-13.6575	0
-13.6475	0
-13.6375	0
-13.6275	0
-13.6175	0
-13.6075	0
-13.5975	0
-13.5875	0
-13.5775	0
-13.5675	0
-13.5575	0
-13.5475	0
-13.5375	0
-13.5275	0
-13.5175	0
-13.5075	0
-13.4975	0
-13.4875	0
-13.4775	0
-13.4675	0
-13.4575	0
-13.4475	0
-13.4375	0
-13.4275	0
-13.4175	0
-13.4075	0
-13.3975	0
-13.3875	0
-13.3775	0
-13.3675	0
-13.3575	0
-13.3475	0
-13.3375	0
-13.3275	0
-13.3175	0
-13.3075	0
-13.2975	0
-13.2875	0
-13.2775	0
-13.2675	0
-13.2575	0
-13.2475	0
-13.2375	0
-13.2275	0
-13.2175	0
-13.2075	0
-13.1975	0
-13.1875	0
-13.1775	0
-13.1675	0
-13.1575	0
-13.1475	0
-13.1375	0
-13.1275	0
-13.1175	0
-13.1075	0
-13.0975	0
-13.0875	0
-13.0775	0
-13.0675	0
-13.0575	0
-13.0475	0
-13.0375	0
-13.0275	0
-13.0175	0
-13.0075	0
-12.9975	0
-12.9875	0
-12.9775	0
-12.9675	0
-12.9575	0
-12.9475	0
-12.9375	0
-12.9275	0
-12.9175	0
-12.9075	0
-12.8975	0
-12.8875	0
-12.8775	0
-12.8675	0
-12.8575	0
-12.8475	0
-12.8375	0
-12.8275	0
-12.8175	0
-12.8075	0
-12.7975	0
-12.7875	0
-12.7775	0
-12.7675	0
-12.7575	0
-12.7475	0
-12.7375	0
-12.7275	0
-12.7175	0
-12.7075	0
-12.6975	0
-12.6875	0
-12.6775	0
-12.6675	0
-12.6575	0
-12.6475	0
-12.6375	0
-12.6275	0
-12.6175	0
-12.6075	0
-12.5975	0
-12.5875	0
-12.5775	0
-12.5675	0
-12.5575	0
-12.5475	0
-12.5375	0
-12.5275	0
-12.5175	0
-12.5075	0
-12.4975	0
-12.4875	0
-12.4775	0
-12.4675	0
-12.4575	0
-12.4475	0
-12.4375	0
-12.4275	0
-12.4175	0
-12.4075	0
-12.3975	0
-12.3875	0
-12.3775	0
-12.3675	0
-12.3575	0
-12.3475	0
-12.3375	0
-12.3275	0
-12.3175	0
-12.3075	0
-12.2975	0
-12.2875	0
-12.2775	0
-12.2675	0
-12.2575	0
-12.2475	0
-12.2375	0
-12.2275	0
-12.2175	0
-12.2075	0
-12.1975	0
-12.1875	0
-12.1775	0
-12.1675	0
-12.1575	0
-12.1475	0
-12.1375	0
-12.1275	0
-12.1175	0
-12.1075	0
-12.0975	0
-12.0875	0
-12.0775	0
-12.0675	0
-12.0575	0
-12.0475	0
-12.0375	0
-12.0275	0
-12.0175	0
-12.0075	0
-11.9975	0
-11.9875	0
-11.9775	0
-11.9675	0
-11.9575	0
-11.9475	0
-11.9375	0
-11.9275	0
-11.9175	0
-11.9075	0
-11.8975	0
-11.8875	0
-11.8775	0
-11.8675	0
-11.8575	0
-11.8475	0
-11.8375	0
-11.8275	0
-11.8175	0
-11.8075	0
-11.7975	0
-11.7875	0
-11.7775	0
-11.7675	0
-11.7575	0
-11.7475	0
-11.7375	0
-11.7275	0
-11.7175	0
-11.7075	0
-11.6975	0
-11.6875	0
-11.6775	0
-11.6675	0
-11.6575	0
-11.6475	0
-11.6375	0
-11.6275	0.024
-11.6175	0.0576
-11.6075	0.091
-11.5975	0.124
-11.5875	0.157
-11.5775	0.19
-11.5675	0.224
-11.5575	0.256
-11.5475	0.288
-11.5375	0.32
-11.5275	0.352
-11.5175	0.386
-11.5075	0.416
-11.4975	0.448
-11.4875	0.48
-11.4775	0.512
-11.4675	0.266
-11.4575	0.268
-11.4475	0.27
-11.4375	0.272
-11.4275	0.276
-11.4175	0.278
-11.4075	0.28
-11.3975	0.282
-11.3875	0.286
-11.3775	0.288
-11.3675	0.29
-11.3575	0.292
-11.3475	0.296
-11.3375	0.298
-11.3275	0.3
-11.3175	0.302
-11.3075	0.306
-11.2975	0.308
-11.2875	0.31
-11.2775	0.312
-11.2675	0.314
-11.2575	0.318
-11.2475	0.32
-11.2375	0.322
-11.2275	0.324
-11.2175	0.326
-11.2075	0.33
-11.1975	0.332
-11.1875	0.334
-11.1775	0.336
-11.1675	0.338
-11.1575	0.336
-11.1475	0.334
-11.1375	0.33
-11.1275	0.328
-11.1175	0.324
-11.1075	0.322
-11.0975	0.318
-11.0875	0.316
-11.0775	0.312
-11.0675	0.31
-11.0575	0.308
-11.0475	0.304
-11.0375	0.302
-11.0275	0.298
-11.0175	0.296
-11.0075	0.296
-10.9975	0.298
-10.9875	0.298
-10.9775	0.3
-10.9675	0.302
-10.9575	0.302
-10.9475	0.304
-10.9375	0.304
-10.9275	0.306
-10.9175	0.308
-10.9075	0.308
-10.8975	0.31
-10.8875	0.31
-10.8775	0.312
-10.8675	0.314
-10.8575	0.314
-10.8475	0.316
-10.8375	0.316
-10.8275	0.318
-10.8175	0.32
-10.8075	0.32
-10.7975	0.322
-10.7875	0.322
-10.7775	0.324
-10.7675	0.326
-10.7575	0.326
-10.7475	0.328
-10.7375	0.328
-10.7275	0.33
-10.7175	0.332
-10.7075	0.332
-10.6975	0.334
-10.6875	0.334
-10.6775	0.336
-10.6675	0.338
-10.6575	0.338
-10.6475	0.34
-10.6375	0.34
-10.6275	0.342
-10.6175	0.344
-10.6075	0.344
-10.5975	0.346
-10.5875	0.346
-10.5775	0.332
-10.5675	0.334
-10.5575	0.334
-10.5475	0.336
-10.5375	0.338
-10.5275	0.338
-10.5175	0.34
-10.5075	0.342
-10.4975	0.342
-10.4875	0.344
-10.4775	0.344
-10.4675	0.346
-10.4575	0.348
-10.4475	0.348
-10.4375	0.35
-10.4275	0.352
-10.4175	0.352
-10.4075	0.354
-10.3975	0.356
-10.3875	0.356
-10.3775	0.358
-10.3675	0.36
-10.3575	0.36
-10.3475	0.362
-10.3375	0.364
-10.3275	0.364
-10.3175	0.368
-10.3075	0.37
-10.2975	0.374
-10.2875	0.378
-10.2775	0.382
-10.2675	0.384
-10.2575	0.388
-10.2475	0.392
-10.2375	0.396
-10.2275	0.398
-10.2175	0.402
-10.2075	0.406
-10.1975	0.41
-10.1875	0.414
-10.1775	0.416
-10.1675	0.42
-10.1575	0.424
-10.1475	0.428
-10.1375	0.432
-10.1275	0.434
-10.1175	0.438
-10.1075	0.442
-10.0975	0.446
-10.0875	0.45
-10.0775	0.452
-10.0675	0.456
-10.0575	0.46
-10.0475	0.464
-10.0375	0.468
-10.0275	0.472
-10.0175	0.474
-10.0075	0.478
-9.9975		0.482
-9.9875		0.486
-9.9775		0.49
-9.9675		0.494
-9.9575		0.498
-9.9475		0.5
-9.9375		0.504
-9.9275		0.508
-9.9175		0.512
-9.9075		0.518
-9.8975		0.534
-9.8875		0.55
-9.8775		0.566
-9.8675		0.582
-9.8575		2.02
-9.8475		1.63
-9.8375		1.25
-9.8275		0.86
-9.8175		0.466
-9.8075		0.392
-9.7975		0.386
-9.7875		0.38
-9.7775		0.376
-9.7675		0.37
-9.7575		0.364
-9.7475		0.358
-9.7375		0.354
-9.7275		0.348
-9.7175		0.342
-9.7075		0.338
-9.6975		0.332
-9.6875		0.326
-9.6775		0.322
-9.6675		0.316
-9.6575		0.31
-9.6475		0.304
-9.6375		0.3
-9.6275		0.294
-9.6175		0.288
-9.6075		0.284
-9.5975		0.278
-9.5875		0.272
-9.5775		0.268
-9.5675		0.262
-9.5575		0.256
-9.5475		0.25
-9.5375		0.246
-9.5275		0.24
-9.5175		0.234
-9.5075		0.23
-9.4975		0.224
-9.4875		0.218
-9.4775		0.212
-9.4675		0.208
-9.4575		0.202
-9.4475		0.197
-9.4375		0.191
-9.4275		0.186
-9.4175		0.18
-9.4075		0.175
-9.3975		0.17
-9.3875		0.164
-9.3775		0.159
-9.3675		0.153
-9.3575		0.148
-9.3475		0.143
-9.3375		0.137	
-9.3275		0	
-9.3175		0
-9.3075		0	
-9.2975		0
-9.2875		0	
-9.2775		0
-9.2675		0	
-9.2575		0
-9.2475		0
-9.2375		0
-9.2275		0
-9.2175		0
-9.2075		0
-9.1975		0
-9.1875		0
-9.1775		0
-9.1675		0
-9.1575		0
-9.1475		0
-9.1375		0
-9.1275		0
-9.1175		0
-9.1075		0
-9.0975		0
-9.0875		0
-9.0775		0
-9.0675		0
-9.0575		0
-9.0475		0
-9.0375		0
-9.0275		0
-9.0175		0
-9.0075		0
-8.9975		0
-8.9875		0
-8.9775		0
-8.9675		0
-8.9575		0
-8.9475		0
-8.9375		0
-8.9275		0
-8.9175		0
-8.9075		0
-8.8975		0
-8.8875		0
-8.8775		0
-8.8675		0
-8.8575		0
-8.8475		0
-8.8375		0
-8.8275		0
-8.8175		0
-8.8075		0
-8.7975		0
-8.7875		0
-8.7775		0
-8.7675		0
-8.7575		0
-8.7475		0
-8.7375		0
-8.7275		0
-8.7175		0
-8.7075		0
-8.6975		0
-8.6875		0
-8.6775		0
-8.6675		0
-8.6575		0
-8.6475		0
-8.6375		0
-8.6275		0.14
-8.6175		0.147
-8.6075		0.154
-8.5975		0.162
-8.5875		0.169
-8.5775		0.176
-8.5675		0.184
-8.5575		0.191
-8.5475		0.198
-8.5375		0.206
-8.5275		0.212
-8.5175		0.22
-8.5075		0.228
-8.4975		0.234
-8.4875		0.242
-8.4775		0.25
-8.4675		0.256
-8.4575		0.264
-8.4475		0.272
-8.4375		0.278
-8.4275		0.286
-8.4175		0.292
-8.4075		0.3
-8.3975		0.308
-8.3875		0.314
-8.3775		0.322
-8.3675		0.328
-8.3575		0.336
-8.3475		0.344
-8.3375		0.35
-8.3275		0.358
-8.3175		0.366
-8.3075		0.372
-8.2975		0.38
-8.2875		0.442
-8.2775		0.524
-8.2675		0.608
-8.2575		0.692
-8.2475		0.776
-8.2375		0.862
-8.2275		0.948
-8.2175		1.04
-8.2075		1.12
-8.1975		1.21
-8.1875		1.3
-8.1775		0.564
-8.1675		0.554
-8.1575		0.546
-8.1475		0.538
-8.1375		0.53
-8.1275		0.52
-8.1175		0.512
-8.1075		0.504
-8.0975		0.494
-8.0875		0.486
-8.0775		0.476
-8.0675		0.468
-8.0575		0.462
-8.0475		0.46
-8.0375		0.458
-8.0275		0.456
-8.0175		0.454
-8.0075		0.45
-7.9975		0.448
-7.9875		0.446
-7.9775		0.444
-7.9675		0.442
-7.9575		0.438
-7.9475		0.436
-7.9375		0.434
-7.9275		0.432
-7.9175		0.428
-7.9075		0.426
-7.8975		0.424
-7.8875		0.422
-7.8775		0.418
-7.8675		0.416
-7.8575		0.414
-7.8475		0.412
-7.8375		0.408
-7.8275		0.406
-7.8175		0.404
-7.8075		0.402
-7.7975		0.398
-7.7875		0.396
-7.7775		0.394
-7.7675		0.39
-7.7575		0.388
-7.7475		0.386
-7.7375		0.382
-7.7275		0.382
-7.7175		0.382
-7.7075		0.382
-7.6975		0.382
-7.6875		0.382
-7.6775		0.382
-7.6675		0.382
-7.6575		0.382
-7.6475		0.382
-7.6375		0.382
-7.6275		0.382
-7.6175		0.382
-7.6075		0.382
-7.5975		0.382
-7.5875		0.382
-7.5775		0.382
-7.5675		0.382
-7.5575		0.382
-7.5475		0.382
-7.5375		0.38
-7.5275		0.38
-7.5175		0.38
-7.5075		0.38
-7.4975		0.38
-7.4875		0.38
-7.4775		0.38
-7.4675		0.38
-7.4575		0.38
-7.4475		0.38
-7.4375		0.38
-7.4275		0.434
-7.4175		0.432
-7.4075		0.432
-7.3975		0.43
-7.3875		0.43
-7.3775		0.428
-7.3675		0.428
-7.3575		0.426
-7.3475		0.426
-7.3375		0.424
-7.3275		0.424
-7.3175		0.422
-7.3075		0.422
-7.2975		0.42
-7.2875		0.42
-7.2775		0.418
-7.2675		0.418
-7.2575		0.416
-7.2475		0.416
-7.2375		0.414
-7.2275		0.414
-7.2175		0.412
-7.2075		0.412
-7.1975		0.41
-7.1875		0.41
-7.1775		0.408
-7.1675		0.408
-7.1575		0.406
-7.1475		0.406
-7.1375		0.404
-7.1275		0.404
-7.1175		0.402
-7.1075		0.4
-7.0975		0.4
-7.0875		0.414
-7.0775		0.456
-7.0675		0.496
-7.0575		0.536
-7.0475		0.574
-7.0375		0.614
-7.0275		0.652
-7.0175		0.69
-7.0075		0.728
-6.9975		0.766
-6.9875		0.768
-6.9775		0.76
-6.9675		0.752
-6.9575		0.746
-6.9475		0.738
-6.9375		0.73
-6.9275		0.722
-6.9175		0.714
-6.9075		0.706
-6.8975		0.698
-6.8875		3.74
-6.8775		0.306
-6.8675		0
-6.8575		0
-6.8475		0
-6.8375		0
-6.8275		0
-6.8175		0
-6.8075		0
-6.7975		0
-6.7875		0
-6.7775		0
-6.7675		0
-6.7575		0
-6.7475		0
-6.7375		0
-6.7275		0
-6.7175		0
-6.7075		0
-6.6975		0
-6.6875		0
-6.6775		0
-6.6675		0
-6.6575		0
-6.6475		0
-6.6375		0
-6.6275		0
-6.6175		0
-6.6075		0
-6.5975		0
-6.5875		0
-6.5775		0
-6.5675		0
-6.5575		0
-6.5475		0
-6.5375		0
-6.5275		0
-6.5175		0
-6.5075		0
-6.4975		0
-6.4875		0
-6.4775		0
-6.4675		0
-6.4575		0
-6.4475		0
-6.4375		0
-6.4275		0
-6.4175		0
-6.4075		0
-6.3975		0
-6.3875		0
-6.3775		0
-6.3675		0
-6.3575		0
-6.3475		0
-6.3375		0
-6.3275		0
-6.3175		0
-6.3075		0
-6.2975		0
-6.2875		0
-6.2775		0
-6.2675		0
-6.2575		0
-6.2475		0
-6.2375		0
-6.2275		0
-6.2175		0
-6.2075		0
-6.1975		0
-6.1875		0
-6.1775		0
-6.1675		0
-6.1575		0
-6.1475		0
-6.1375		0
-6.1275		0
-6.1175		0
-6.1075		0
-6.0975		0
-6.0875		0
-6.0775		0
-6.0675		0
-6.0575		0
-6.0475		0
-6.0375		0
-6.0275		0
-6.0175		0
-6.0075		0
-5.9975		0
-5.9875		0
-5.9775		0
-5.9675		0
-5.9575		0
-5.9475		0
-5.9375		0
-5.9275		0
-5.9175		0
-5.9075		0
-5.8975		0
-5.8875		0
-5.8775		0
-5.8675		0
-5.8575		0
-5.8475		0
-5.8375		0
-5.8275		0
-5.8175		0
-5.8075		0
-5.7975		0
-5.7875		0
-5.7775		0
-5.7675		0
-5.7575		0
-5.7475		0
-5.7375		0
-5.7275		0
-5.7175		0
-5.7075		0
-5.6975		0
-5.6875		0
-5.6775		0
-5.6675		0
-5.6575		0
-5.6475		0
-5.6375		0
-5.6275		0
-5.6175		0
-5.6075		0
-5.5975		0
-5.5875		0
-5.5775		0
-5.5675		0
-5.5575		0
-5.5475		0
-5.5375		0
-5.5275		0
-5.5175		0
-5.5075		0
-5.4975		0
-5.4875		0
-5.4775		0
-5.4675		0
-5.4575		0
-5.4475		0
-5.4375		0
-5.4275		0
-5.4175		0
-5.4075		0
-5.3975		0
-5.3875		0
-5.3775		0
-5.3675		0
-5.3575		0
-5.3475		0
-5.3375		0
-5.3275		0
-5.3175		0
-5.3075		0
-5.2975		0
-5.2875		0
-5.2775		0
-5.2675		0
-5.2575		0
-5.2475		0
-5.2375		0
-5.2275		0
-5.2175		0
-5.2075		0
-5.1975		0
-5.1875		0
-5.1775		0
-5.1675		0
-5.1575		0
-5.1475		0
-5.1375		0
-5.1275		0
-5.1175		0
-5.1075		0
-5.0975		0
-5.0875		0
-5.0775		0
-5.0675		0
-5.0575		0
-5.0475		0
-5.0375		0
-5.0275		0
-5.0175		0
-5.0075		0
-4.9975		0
-4.9875		0
-4.9775		0
-4.9675		0
-4.9575		0
-4.9475		0
-4.9375		0
-4.9275		0
-4.9175		0
-4.9075		0
-4.8975		0
-4.8875		0
-4.8775		0
-4.8675		0
-4.8575		0
-4.8475		0
-4.8375		0
-4.8275		0
-4.8175		0
-4.8075		0
-4.7975		0
-4.7875		0
-4.7775		0
-4.7675		0
-4.7575		0
-4.7475		0
-4.7375		0
-4.7275		0
-4.7175		0
-4.7075		0
-4.6975		0
-4.6875		0
-4.6775		0
-4.6675		0
-4.6575		0
-4.6475		0
-4.6375		0
-4.6275		0
-4.6175		0
-4.6075		0
-4.5975		0
-4.5875		0
-4.5775		0
-4.5675		0
-4.5575		0
-4.5475		0
-4.5375		0
-4.5275		0
-4.5175		0
-4.5075		0
-4.4975		0
-4.4875		0
-4.4775		0
-4.4675		0
-4.4575		0
-4.4475		0
-4.4375		0
-4.4275		0
-4.4175		0
-4.4075		0
-4.3975		0
-4.3875		0
-4.3775		0
-4.3675		0
-4.3575		0
-4.3475		0
-4.3375		0
-4.3275		0
-4.3175		0
-4.3075		0
-4.2975		0
-4.2875		0
-4.2775		0
-4.2675		0
-4.2575		0
-4.2475		0
-4.2375		0
-4.2275		0
-4.2175		0
-4.2075		0
-4.1975		0
-4.1875		0
-4.1775		0
-4.1675		0
-4.1575		0
-4.1475		0
-4.1375		0
-4.1275		0
-4.1175		0
-4.1075		0
-4.0975		0
-4.0875		0
-4.0775		0
-4.0675		0
-4.0575		0
-4.0475		0
-4.0375		0
-4.0275		0
-4.0175		0
-4.0075		0
-3.9975		0
-3.9875		0
-3.9775		0
-3.9675		0
-3.9575		0
-3.9475		0
-3.9375		0
-3.9275		0
-3.9175		0
-3.9075		0
-3.8975		0
-3.8875		0
-3.8775		0
-3.8675		0
-3.8575		0
-3.8475		0
-3.8375		0
-3.8275		0
-3.8175		0
-3.8075		0.0052
-3.7975		0.00566
-3.7875		0.00618
-3.7775		0.0068
-3.7675		0.00748
-3.7575		0.00824
-3.7475		0.0091
-3.7375		0.01
-3.7275		0.011
-3.7175		0.0121
-3.7075		0.0132
-3.6975		0.0145
-3.6875		0.0158
-3.6775		0.0171
-3.6675		0.0186
-3.6575		0.0202
-3.6475		0.0218
-3.6375		0.0234
-3.6275		0.0252
-3.6175		0.027
-3.6075		0.029
-3.5975		0.031
-3.5875		0.033
-3.5775		0.0352
-3.5675		0.0374
-3.5575		0.0398
-3.5475		0.0422
-3.5375		0.0446
-3.5275		0.0472
-3.5175		0.0498
-3.5075		0.0524
-3.4975		0.0648
-3.4875		0.17
-3.4775		0.3
-3.4675		0.676
-3.4575		0.558
-3.4475		0.408
-3.4375		0.224
-3.4275		0.104
-3.4175		0.0944
-3.4075		0.0854
-3.3975		0.077
-3.3875		0.0692
-3.3775		0.062
-3.3675		0.0554
-3.3575		0.0492
-3.3475		0.0438
-3.3375		0.0388
-3.3275		0.0346
-3.3175		0.0308
-3.3075		0.0276
-3.2975		0.025
-3.2875		0.0158
-3.2775		0.015
-3.2675		0.0142
-3.2575		0.0135
-3.2475		0.0128
-3.2375		0.0122
-3.2275		0.0116
-3.2175		0.011
-3.2075		0.0104
-3.1975		0.00986
-3.1875		0.00934
-3.1775		0.00886
-3.1675		0.00842
-3.1575		0.008
-3.1475		0.0076
-3.1375		0.00724
-3.1275		0.00692
-3.1175		0.00662
-3.1075		0.00634
-3.0975		0.0061
-3.0875		0.00588
-3.0775		0.0057
-3.0675		0.00556
-3.0575		0.00542
-3.0475		0.00528
-3.0375		0.00514
-3.0275		0.005
-3.0175		0.00488
-3.0075		0.00476
-2.9975		0.00462
-2.9875		0.0045
-2.9775		0.00438
-2.9675		0.00582
-2.9575		0.00728
-2.9475		0.00872
-2.9375		0.0101
-2.9275		0.0116
-2.9175		0.013
-2.9075		0.0144
-2.8975		0.0158
-2.8875		0.0172
-2.8775		0.0186
-2.8675		0.02
-2.8575		0.0214
-2.8475		0.0228
-2.8375		0.0242
-2.8275		0.0256
-2.8175		0.0268
-2.8075		0.0282
-2.7975		0.0296
-2.7875		0.031
-2.7775		0.0322
-2.7675		0.0336
-2.7575		0.035
-2.7475		0.0362
-2.7375		0.0376
-2.7275		0.0388
-2.7175		0.0402
-2.7075		0.0414
-2.6975		0.0428
-2.6875		0.044
-2.6775		0.0454
-2.6675		0.0466
-2.6575		0.048
-2.6475		0.0494
-2.6375		0.0506
-2.6275		0.052
-2.6175		0.0532
-2.6075		0.0546
-2.5975		0.0558
-2.5875		0.057
-2.5775		0.0582
-2.5675		0.0596
-2.5575		0.928
-2.5475		0.0206
-2.5375		0.0204
-2.5275		0.0202
-2.5175		0.02
-2.5075		0.0199
-2.4975		0.0197
-2.4875		0.0195
-2.4775		0.0193
-2.4675		0.019
-2.4575		0.0188
-2.4475		0.0186
-2.4375		0.0169
-2.4275		0.0167
-2.4175		0.0166
-2.4075		0.0164
-2.3975		0.0163
-2.3875		0.0162
-2.3775		0.016
-2.3675		0.0159
-2.3575		0.0157
-2.3475		0.0156
-2.3375		0.0155
-2.3275		0.0153
-2.3175		0.0152
-2.3075		0.015
-2.2975		0.0149
-2.2875		0.0147
-2.2775		0.0146
-2.2675		0.0144
-2.2575		0.0143
-2.2475		0.0141
-2.2375		0.014
-2.2275		0.0138
-2.2175		0.0137
-2.2075		0.0135
-2.1975		0.0134
-2.1875		0.0132
-2.1775		0.0131
-2.1675		0.0129
-2.1575		0.0128
-2.1475		0.0126
-2.1375		0.0125
-2.1275		0.0123
-2.1175		0.0122
-2.1075		0.012
-2.0975		0.0118
-2.0875		0.0364
-2.0775		0.0388
-2.0675		0.0412
-2.0575		0.0438
-2.0475		0.0462
-2.0375		0.0488
-2.0275		0.0512
-2.0175		0.0538
-2.0075		0.0564
-1.9975		0.0588
-1.9875		0.0614
-1.9775		0.0694
-1.9675		0.0792
-1.9575		0.089
-1.9475		0.0988
-1.9375		0.109
-1.9275		0.118
-1.9175		0.128
-1.9075		0.138
-1.8975		0.148
-1.8875		0.158
-1.8775		0.168
-1.8675		0.177
-1.8575		0.187
-1.8475		0.197
-1.8375		0.206
-1.8275		0.216
-1.8175		0.226
-1.8075		0.127
-1.7975		0.126
-1.7875		0.124
-1.7775		0.122
-1.7675		0.12
-1.7575		0.119
-1.7475		0.117
-1.7375		0.115
-1.7275		0.113
-1.7175		0.111
-1.7075		0.109
-1.6975		0.107
-1.6875		0.106
-1.6775		0.104
-1.6675		0.102
-1.6575		0.1
-1.6475		0.0984
-1.6375		0.0964
-1.6275		0.0946
-1.6175		0.0934
-1.6075		0.0922
-1.5975		0.0912
-1.5875		0.0914
-1.5775		0.0916
-1.5675		0.0918
-1.5575		0.092
-1.5475		0.0924
-1.5375		0.0926
-1.5275		0.0928
-1.5175		0.093
-1.5075		0.0934
-1.4975		0.0936
-1.4875		0.094
-1.4775		0.0942
-1.4675		0.0944
-1.4575		0.0946
-1.4475		0.0946
-1.4375		0.0948
-1.4275		0.0948
-1.4175		0.095
-1.4075		0.095
-1.3975		0.095
-1.3875		0.095
-1.3775		0.095
-1.3675		0.095
-1.3575		0.0948
-1.3475		0.0948
-1.3375		0.0946
-1.3275		0.0944
-1.3175		0.0942
-1.3075		0.094
-1.2975		0.0938
-1.2875		0.0936
-1.2775		0.0932
-1.2675		0.0928
-1.2575		0.0926
-1.2475		0.0922
-1.2375		0.0918
-1.2275		0.116
-1.2175		0.117
-1.2075		0.119
-1.1975		0.12
-1.1875		0.122
-1.1775		0.123
-1.1675		0.125
-1.1575		0.126
-1.1475		0.128
-1.1375		0.129
-1.1275		0.131
-1.1175		0.132
-1.1075		0.134
-1.0975		0.132
-1.0875		0.13
-1.0775		0.126
-1.0675		0.127
-1.0575		0.122
-1.0475		0.115
-1.0375		0.109
-1.0275		0.101
-1.0175		0.0922
-1.0075		0.0834
-0.9975		0.0744
-0.9875		0.065
-0.9775		0.0556
-0.9675		0.0458
-0.9575		0.0358
-0.9475		0.0256
-0.9375		0.0151
-0.9275		0.00902
-0.9175		0.00846
-0.9075		0.00792
-0.8975		0.0074
-0.8875		0.0069
-0.8775		0.00642
-0.8675		0.00596
-0.8575		0.00552
-0.8475		0.00508
-0.8375		0.00466
-0.8275		0.00428
-0.8175		0.0039
-0.8075		0.00354
-0.7975		0.00318
-0.7875		0.00286
-0.7775		0.00256
-0.7675		0.00226
-0.7575		0.00199
-0.7475		0.00174
-0.7375		0.0015
-0.7275		0.00128
-0.7175		0.00107
-0.7075		0.00089
-0.6975		0.000722
-0.6875		0.00057
-0.6775		0.000438
-0.6675		0.000324
-0.6575		0.000226
-0.6475		0.000145
-0.6375		8.26E-05
-0.6275		3.76E-05
-0.6175		1E-05
-0.6075		4.32E-08
-0.5975		0
-0.5875		0
-0.5775		0
-0.5675		0
-0.5575		0
-0.5475		0
-0.5375		0
-0.5275		0
-0.5175		0
-0.5075		0
-0.4975		0
-0.4875		0
-0.4775		0
-0.4675		0
-0.4575		0
-0.4475		0
-0.4375		0
-0.4275		0
-0.4175		0
-0.4075		0
-0.3975		0
-0.3875		0
-0.3775		0
-0.3675		0
-0.3575		0
-0.3475		0
-0.3375		0
-0.3275		0
-0.3175		0
-0.3075		0
-0.2975		0
-0.2875		0
-0.2775		0
-0.2675		0
-0.2575		0
-0.2475		0
-0.2375		0
-0.2275		0
-0.2175		0
-0.2075		0
-0.1975		0
-0.1875		0
-0.1775		0
-0.1675		0
-0.1575		0
-0.1475		0
-0.1375		0
-0.1275		0
-0.1175		0
-0.1075		0
-0.0975		0
-0.0875		0
-0.0775		0
-0.0675		0
-0.0575		0
-0.0475		0
-0.0375		0
-0.0275		0
-0.0175		0
-0.0075		0
0.0025		0
0.0125		0
0.0225		0
0.0325		0
0.0425		0
0.0525		0
0.0625		0
0.0725		0
0.0825		0
0.0925		0
0.1025		0
0.1125		0
0.1225		0
0.1325		0
0.1425		0
0.1525		0
0.1625		0
0.1725		0
0.1825		0
0.1925		0
0.2025		0
0.2125		0
0.2225		0
0.2325		0
0.2425		0
0.2525		0
0.2625		0
0.2725		0
0.2825		0
0.2925		0
0.3025		0
0.3125		0
0.3225		0
0.3325		0
0.3425		0
0.3525		0
0.3625		0
0.3725		0
0.3825		0
0.3925		0
0.4025		0
0.4125		0
0.4225		0
0.4325		0
0.4425		0
0.4525		0
0.4625		0
0.4725		0
0.4825		0
0.4925		0
0.5025		0
0.5125		0
0.5225		0
0.5325		0
0.5425		0
0.5525		0
0.5625		0
0.5725		0
0.5825		0
0.5925		0
0.6025		0
0.6125		0
0.6225		0
0.6325		0
0.6425		0
0.6525		0
0.6625		0
0.6725		0
0.6825		0
0.6925		0
0.7025		0
0.7125		0
0.7225		0
0.7325		0
0.7425		0
0.7525		0
0.7625		0
0.7725		0
0.7825		0.0102
0.7925		0.0212
0.8025		0.0266
0.8125		0.0276
0.8225		0.0286
0.8325		0.0296
0.8425		0.0306
0.8525		0.0316
0.8625		0.0326
0.8725		0.0336
0.8825		0.0356
0.8925		0.0376
0.9025		0.0394
0.9125		0.0414
0.9225		0.0432
0.9325		0.0452
0.9425		0.047
0.9525		0.0488
0.9625		0.0506
0.9725		0.0522
0.9825		0.054
0.9925		0.0558
1.0025		0.0574
1.0125		0.059
1.0225		0.0608
1.0325		0.0624
1.0425		0.064
1.0525		0.0654
1.0625		0.0662
1.0725		0.0668
1.0825		0.0672
1.0925		0.0678
1.1025		0.0684
1.1125		0.0688
1.1225		0.0692
1.1325		0.0698
1.1425		0.0702
1.1525		0.0706
1.1625		0.071
1.1725		0.0714
1.1825		0.0718
1.1925		0.0722
1.2025		0.0726
1.2125		0.073
1.2225		0.0734
1.2325		0.0738
1.2425		0.0742
1.2525		0.0746
1.2625		0.075
1.2725		0.0754
1.2825		0.0756
1.2925		0.076
1.3025		0.0764
1.3125		0.129
1.3225		0.125
1.3325		0.122
1.3425		0.119
1.3525		0.116
1.3625		0.113
1.3725		0.135
1.3825		0.127
1.3925		0.12
1.4025		0.113
1.4125		0.106
1.4225		0.0996
1.4325		0.0932
1.4425		0.0872
1.4525		0.081
1.4625		0.074
1.4725		0.0664
1.4825		0.0584
1.4925		0.0496
1.5025		0.0402
1.5125		0.0174
1.5225		0.0138
1.5325		0.0103
1.5425		0.00708
1.5525		0.004
1.5625		0.00108
1.5725		0
1.5825		0
1.5925		0
1.6025		0
1.6125		0
1.6225		0
1.6325		0
1.6425		0
1.6525		0
1.6625		0
1.6725		0
1.6825		0
1.6925		0
1.7025		0
1.7125		0
1.7225		0
1.7325		0
1.7425		0
1.7525		0
1.7625		0
1.7725		0
1.7825		0
1.7925		0
1.8025		0
1.8125		0
1.8225		0
1.8325		0
1.8425		0
1.8525		0
1.8625		0
1.8725		0.000656
1.8825		0.0019
1.8925		0.00336
1.9025		0.00504
1.9125		0.00694
1.9225		0.00904
1.9325		0.0114
1.9425		0.0139
1.9525		0.0167
1.9625		0.0197
1.9725		0.0228
1.9825		0.0264
1.9925		0.03
2.0025		0.0338
2.0125		0.0378
2.0225		0.0422
2.0325		0.0296
2.0425		0.0372
2.0525		0.0446
2.0625		0.0518
2.0725		0.059
2.0825		0.066
2.0925		0.073
2.1025		0.0798
2.1125		0.0864
2.1225		0.093
2.1325		0.0998
2.1425		0.107
2.1525		0.113
2.1625		0.121
2.1725		0.13
2.1825		0.14
2.1925		0.152
2.2025		0.166
2.2125		0.181
2.2225		0.198
2.2325		0.216
2.2425		0.0832
2.2525		0.081
2.2625		0.0772
2.2725		0.0738
2.2825		0.0704
2.2925		0.0676
2.3025		0.0648
2.3125		0.0624
2.3225		0.0602
2.3325		0.0524
2.3425		0.052
2.3525		0.0516
2.3625		0.0512
2.3725		0.0506
2.3825		0.0502
2.3925		0.0496
2.4025		0.049
2.4125		0.0484
2.4225		0.0478
2.4325		0.0472
2.4425		0.0468
2.4525		0.0462
2.4625		0.0458
2.4725		0.0452
2.4825		0.0446
2.4925		0.044
2.5025		0.0432
2.5125		0.0426
2.5225		0.0418
2.5325		0.0412
2.5425		0.0404
2.5525		0.0396
2.5625		0.0388
2.5725		0.038
2.5825		0.0372
2.5925		0.0362
2.6025		0.0354
2.6125		0.0344
2.6225		0.0334
2.6325		0.0324
2.6425		0.0314
2.6525		0.0304
2.6625		0.057
2.6725		0.0586
2.6825		0.0602
2.6925		0.0618
2.7025		0.0636
2.7125		0.0654
2.7225		0.0672
2.7325		0.0692
2.7425		0.0648
2.7525		0.0668
2.7625		0.069
2.7725		0.0714
2.7825		0.0738
2.7925		0.0776
2.8025		0.084
2.8125		0.104
2.8225		0.138
2.8325		0.187
2.8425		0.272
2.8525		0.216
2.8625		0.175
2.8725		0.149
2.8825		0.159
2.8925		0.152
2.9025		0.145
2.9125		0.138
2.9225		0.13
2.9325		0.123
2.9425		0.115
2.9525		0.107
2.9625		0.0986
2.9725		0.0904
2.9825		0.0818
2.9925		0.073
3.0025		0.0642
3.0125		0.055
3.0225		0.0458
3.0325		0.0422
3.0425		0.039
3.0525		0.0358
3.0625		0.0324
3.0725		0.029
3.0825		0.0256
3.0925		0.0222
3.1025		0.0187
3.1125		0.0152
3.1225		0.0116
3.1325		0.00796
3.1425		0.00428
3.1525		0.000552
3.1625		0
3.1725		0
3.1825		0
3.1925		0
3.2025		0
3.2125		0
3.2225		0
3.2325		0
3.2425		0
3.2525		0
3.2625		0
3.2725		0
3.2825		0
3.2925		0
3.3025		0
3.3125		0
3.3225		0
3.3325		0
3.3425		0
3.3525		0
3.3625		0
3.3725		0
3.3825		0
3.3925		0
3.4025		0
3.4125		0
3.4225		0
3.4325		0
3.4425		0
3.4525		0
3.4625		0
3.4725		0
3.4825		0
3.4925		0
3.5025		0
3.5125		0
3.5225		0
3.5325		0
3.5425		0
3.5525		0
3.5625		0
3.5725		0
3.5825		0
3.5925		0
3.6025		0
3.6125		2.26E-06
3.6225		1.04E-05
3.6325		2.16E-05
3.6425		3.6E-05
3.6525		5.32E-05
3.6625		7.36E-05
3.6725		9.72E-05
3.6825		0.000124
3.6925		0.000153
3.7025		0.000186
3.7125		0.000222
3.7225		0.00026
3.7325		0.000302
3.7425		0.000346
3.7525		0.000394
3.7625		0.000446
3.7725		0.0005
3.7825		0.000556
3.7925		0.000617
3.8025		0.00068
3.8125		0.000428
3.8225		0.000442
3.8325		0.000456
3.8425		0.000468
3.8525		0.00048
3.8625		0.000492
3.8725		0.000504
3.8825		0.000514
3.8925		0.000526
3.9025		0.000536
3.9125		0.000546
3.9225		0.000554
3.9325		0.000564
3.9425		0.000572
3.9525		0.00058
3.9625		0.000588
3.9725		0.000596
3.9825		0.000602
3.9925		0.00061
4.0025		0.000616
4.0125		0.000622
4.0225		0.000626
4.0325		0.000632
4.0425		0.000636
4.0525		0.00064
4.0625		0.000644
4.0725		0.000648
4.0825		0.00065
4.0925		0.000652
4.1025		0.000654
4.1125		0.000656
4.1225		0.000658
4.1325		0.000658
4.1425		0.000658
4.1525		0.000658
4.1625		0.000618
4.1725		0.00058
4.1825		0.000546
4.1925		0.00052
4.2025		0.000498
4.2125		0.00048
4.2225		0.00047
4.2325		0.00047
4.2425		0.00047
4.2525		0.000472
4.2625		0.000474
4.2725		0.000476
4.2825		0.000478
4.2925		0.000482
4.3025		0.000486
4.3125		0.00049
4.3225		0.000494
4.3325		0.0005
4.3425		0.000504
4.3525		0.00051
4.3625		0.000518
4.3725		0.000524
4.3825		0.000532
4.3925		0.00054
4.4025		0.000548
4.4125		0.000556
4.4225		0.000566
4.4325		0.000576
4.4425		0.000586
4.4525		0.000596
4.4625		0.000608
4.4725		0.00062
4.4825		0.000632
4.4925		0.000644
4.5025		0.000658
4.5125		0.00067
4.5225		0.000684
4.5325		0.000716
4.5425		0.000812
4.5525		0.000906
4.5625		0.001
4.5725		0.0011
4.5825		0.0012
4.5925		0.0013
4.6025		0.00141
4.6125		0.00151
4.6225		0.00161
4.6325		0.00172
4.6425		0.00183
4.6525		0.00194
4.6625		0.00204
4.6725		0.00216
4.6825		0.00228
4.6925		0.00238
4.7025		0.0025
4.7125		0.00262
4.7225		0.0027
4.7325		0.00366
4.7425		0.00502
4.7525		0.0065
4.7625		0.00538
4.7725		0.00438
4.7825		0.0035
4.7925		0.00272
4.8025		0.00204
4.8125		0.00148
4.8225		0.00102
4.8325		0.000566
4.8425		0.000566
4.8525		0.000568
4.8625		0.000568
4.8725		0.00057
4.8825		0.000572
4.8925		0.000572
4.9025		0.000574
4.9125		0.000574
4.9225		0.000576
4.9325		0.000576
4.9425		0.000576
4.9525		0.000578
4.9625		0.000578
4.9725		0.00058
4.9825		0.00058
4.9925		0.00058
5.0025		0.00058
5.0125		0.000582
5.0225		0.000582
5.0325		0.000582
5.0425		0.000584
5.0525		0.000584
5.0625		0.000584
5.0725		0.000584
5.0825		0.000584
5.0925		0.000584
5.1025		0.000584
5.1125		0.000584
5.1225		0.000586
5.1325		0.000586
5.1425		0.000586
5.1525		0.000586
5.1625		0.000586
5.1725		0.000586
5.1825		0.000584
5.1925		0.000584
5.2025		0.000584
5.2125		0.000584
5.2225		0.000584
5.2325		0.000584
5.2425		0.000584
5.2525		0.000582
5.2625		0.000582
5.2725		0.000582
5.2825		0.000582
5.2925		0.00058
5.3025		0.00058
5.3125		0.00058
5.3225		0.000579
5.3325		0.000578
5.3425		0.000578
5.3525		0.000576
5.3625		0.000576
5.3725		0.000574
5.3825		0.000574
5.3925		0.000574
5.4025		0.000572
5.4125		0.00057
5.4225		0.00057
5.4325		0.000568
5.4425		0.000568
5.4525		0.000566
5.4625		0.000566
5.4725		0.000564
5.4825		0.000562
5.4925		0.000562
5.5025		0.00056
5.5125		0.000558
5.5225		0.000598
5.5325		0.000656
5.5425		0.000718
5.5525		0.000784
5.5625		0.000856
5.5725		0.00093
5.5825		0.00101
5.5925		0.0011
5.6025		0.00119
5.6125		0.00128
5.6225		0.00138
5.6325		0.00148
5.6425		0.00159
5.6525		0.0017
5.6625		0.00182
5.6725		0
			
